3.0000000e-08,3.32830e-04
8.0000000e-08,1.06850e-03
1.3000000e-07,2.06790e-03
1.8000000e-07,3.59780e-03
2.3000000e-07,4.38160e-03
2.8000000e-07,4.28780e-03
3.3000000e-07,6.17790e-03
3.8000000e-07,6.99450e-03
4.3000000e-07,5.46480e-03
4.8000000e-07,6.31330e-03
5.3000000e-07,5.82460e-03
5.8000000e-07,6.06600e-03
6.3000000e-07,5.20390e-03
6.8000000e-07,5.09910e-03
7.3000000e-07,5.84730e-03
7.8000000e-07,3.86270e-03
8.3000000e-07,4.80040e-03
8.8000000e-07,4.80040e-03
9.3000000e-07,2.47530e-03
9.8000000e-07,2.53170e-03
1.0300000e-06,2.77860e-03
1.0800000e-06,1.95570e-04
1.1300000e-06,-1.54240e-04
1.1800000e-06,-2.16690e-04
1.2300000e-06,-2.29040e-03
1.2800000e-06,-2.29040e-03
1.3300000e-06,-2.58620e-03
1.3800000e-06,-3.45050e-03
1.4300000e-06,-4.66930e-03
1.4800000e-06,-6.00140e-03
1.5300000e-06,-6.30910e-03
1.5800000e-06,-7.42850e-03
1.6300000e-06,-8.41310e-03
1.6800000e-06,-9.05860e-03
1.7300000e-06,-1.15690e-02
1.7800000e-06,-1.15780e-02
1.8300000e-06,-1.15340e-02
1.8800000e-06,-1.34100e-02
1.9300000e-06,-1.23230e-02
1.9800000e-06,-1.30380e-02
2.0300000e-06,-1.30380e-02
2.0800000e-06,-1.12050e-02
2.1300000e-06,-1.12050e-02
2.1800000e-06,-1.19650e-02
2.2300000e-06,-1.12720e-02
2.2800000e-06,-1.04580e-02
2.3300000e-06,-1.04580e-02
2.3800000e-06,-8.42140e-03
2.4300000e-06,-8.42140e-03
2.4800000e-06,-8.11610e-03
2.5300000e-06,-7.17790e-03
2.5800000e-06,-6.17270e-03
2.6300000e-06,-4.44920e-03
2.6800000e-06,-3.08560e-03
2.7300000e-06,-2.81060e-03
2.7800000e-06,-1.39220e-03
2.8300000e-06,4.76990e-04
2.8800000e-06,1.79980e-03
2.9300000e-06,4.92060e-03
2.9800000e-06,5.37680e-03
3.0300000e-06,6.33810e-03
3.0800000e-06,7.90850e-03
3.1300000e-06,9.97780e-03
3.1800000e-06,1.10950e-02
3.2300000e-06,1.10950e-02
3.2800000e-06,1.21140e-02
3.3300000e-06,1.28340e-02
3.3800000e-06,1.38270e-02
3.4300000e-06,1.64440e-02
3.4800000e-06,1.48260e-02
3.5300000e-06,1.65900e-02
3.5800000e-06,1.59940e-02
3.6300000e-06,1.66120e-02
3.6800000e-06,1.65560e-02
3.7300000e-06,1.60680e-02
3.7800000e-06,1.60680e-02
3.8300000e-06,1.62190e-02
3.8800000e-06,1.56090e-02
3.9300000e-06,1.46390e-02
3.9800000e-06,1.48570e-02
4.0300000e-06,1.27590e-02
4.0800000e-06,1.26550e-02
4.1300000e-06,9.49840e-03
4.1800000e-06,9.85060e-03
4.2300000e-06,7.68170e-03
4.2800000e-06,5.99060e-03
4.3300000e-06,4.53400e-03
4.3800000e-06,3.75790e-03
4.4300000e-06,1.93660e-03
4.4800000e-06,-1.21280e-03
4.5300000e-06,-1.09720e-03
4.5800000e-06,-3.47240e-03
4.6300000e-06,-6.11720e-03
4.6800000e-06,-5.47870e-03
4.7300000e-06,-7.84510e-03
4.7800000e-06,-9.48620e-03
4.8300000e-06,-1.05500e-02
4.8800000e-06,-1.16470e-02
4.9300000e-06,-1.17080e-02
4.9800000e-06,-1.27510e-02
5.0300000e-06,-1.50510e-02
5.0800000e-06,-1.50510e-02
5.1300000e-06,-1.52820e-02
5.1800000e-06,-1.46520e-02
5.2300000e-06,-1.69640e-02
5.2800000e-06,-1.70010e-02
5.3300000e-06,-1.69470e-02
5.3800000e-06,-1.60310e-02
5.4300000e-06,-1.49470e-02
5.4800000e-06,-1.49160e-02
5.5300000e-06,-1.47900e-02
5.5800000e-06,-1.40880e-02
5.6300000e-06,-1.18850e-02
5.6800000e-06,-1.28870e-02
5.7300000e-06,-1.19530e-02
5.7800000e-06,-1.09290e-02
5.8300000e-06,-9.06830e-03
5.8800000e-06,-8.79060e-03
5.9300000e-06,-7.28880e-03
5.9800000e-06,-6.05530e-03
6.0300000e-06,-4.27300e-03
6.0800000e-06,-2.58250e-03
6.1300000e-06,-8.26360e-04
6.1800000e-06,7.05420e-04
6.2300000e-06,4.30800e-03
6.2800000e-06,4.30800e-03
6.3300000e-06,4.99210e-03
6.3800000e-06,5.87180e-03
6.4300000e-06,7.73710e-03
6.4800000e-06,8.13480e-03
6.5300000e-06,1.16120e-02
6.5800000e-06,1.26340e-02
6.6300000e-06,1.19910e-02
6.6800000e-06,1.39710e-02
6.7300000e-06,1.58950e-02
6.7800000e-06,1.58950e-02
6.8300000e-06,1.48300e-02
6.8800000e-06,1.48300e-02
6.9300000e-06,1.69220e-02
6.9800000e-06,1.69220e-02
7.0300000e-06,1.57210e-02
7.0800000e-06,1.57220e-02
7.1300000e-06,1.49990e-02
7.1800000e-06,1.49550e-02
7.2300000e-06,1.49650e-02
7.2800000e-06,1.45580e-02
7.3300000e-06,1.28490e-02
7.3800000e-06,1.28490e-02
7.4300000e-06,1.13500e-02
7.4800000e-06,9.83380e-03
7.5300000e-06,8.79440e-03
7.5800000e-06,7.88530e-03
7.6300000e-06,5.49220e-03
7.6800000e-06,5.26660e-03
7.7300000e-06,2.68470e-03
7.7800000e-06,1.27280e-03
7.8300000e-06,-6.58800e-04
7.8800000e-06,-2.15760e-03
7.9300000e-06,-3.15620e-03
7.9800000e-06,-4.63060e-03
8.0300000e-06,-6.03910e-03
8.0800000e-06,-7.90680e-03
8.1300000e-06,-7.33680e-03
8.1800000e-06,-9.55330e-03
8.2300000e-06,-1.06620e-02
8.2800000e-06,-1.18880e-02
8.3300000e-06,-1.29700e-02
8.3800000e-06,-1.49730e-02
8.4300000e-06,-1.42550e-02
8.4800000e-06,-1.44110e-02
8.5300000e-06,-1.72860e-02
8.5800000e-06,-1.70820e-02
8.6300000e-06,-1.65510e-02
8.6800000e-06,-1.70840e-02
8.7300000e-06,-1.64370e-02
8.7800000e-06,-1.65080e-02
8.8300000e-06,-1.63700e-02
8.8800000e-06,-1.60680e-02
8.9300000e-06,-1.36570e-02
8.9800000e-06,-1.34360e-02
9.0300000e-06,-1.26340e-02
9.0800000e-06,-1.33580e-02
9.1300000e-06,-1.04530e-02
9.1800000e-06,-9.48540e-03
9.2300000e-06,-7.47320e-03
9.2800000e-06,-6.41740e-03
9.3300000e-06,-4.08630e-03
9.3800000e-06,-3.03930e-03
9.4300000e-06,-1.73170e-03
9.4800000e-06,-4.77700e-04
9.5300000e-06,1.82830e-03
9.5800000e-06,3.67830e-03
9.6300000e-06,3.67830e-03
9.6800000e-06,5.52870e-03
9.7300000e-06,6.63190e-03
9.7800000e-06,7.86230e-03
9.8300000e-06,9.73960e-03
9.8800000e-06,1.15710e-02
9.9300000e-06,1.15710e-02
9.9800000e-06,1.27220e-02
1.0030000e-05,1.31920e-02
1.0080000e-05,1.49610e-02
1.0130000e-05,1.42800e-02
1.0180000e-05,1.61290e-02
1.0230000e-05,1.60090e-02
1.0280000e-05,1.60090e-02
1.0330000e-05,1.60090e-02
1.0380000e-05,1.54050e-02
1.0430000e-05,1.54050e-02
1.0480000e-05,1.56750e-02
1.0530000e-05,1.66250e-02
1.0580000e-05,1.46690e-02
1.0630000e-05,1.54800e-02
1.0680000e-05,1.29390e-02
1.0730000e-05,1.26190e-02
1.0780000e-05,1.14720e-02
1.0830000e-05,9.39850e-03
1.0880000e-05,9.39850e-03
1.0930000e-05,8.58650e-03
1.0980000e-05,5.51130e-03
1.1030000e-05,4.41990e-03
1.1080000e-05,4.19560e-03
1.1130000e-05,2.05600e-03
1.1180000e-05,-6.08730e-04
1.1230000e-05,-2.12830e-03
1.1280000e-05,-2.17890e-03
1.1330000e-05,-6.13010e-03
1.1380000e-05,-6.78220e-03
1.1430000e-05,-8.95000e-03
1.1480000e-05,-9.55110e-03
1.1530000e-05,-1.04270e-02
1.1580000e-05,-1.17990e-02
1.1630000e-05,-1.37270e-02
1.1680000e-05,-1.44890e-02
1.1730000e-05,-1.44580e-02
1.1780000e-05,-1.46100e-02
1.1830000e-05,-1.57690e-02
1.1880000e-05,-1.62770e-02
1.1930000e-05,-1.57610e-02
1.1980000e-05,-1.63790e-02
1.2030000e-05,-1.53830e-02
1.2080000e-05,-1.38190e-02
1.2130000e-05,-1.38190e-02
1.2180000e-05,-1.34550e-02
1.2230000e-05,-1.34550e-02
1.2280000e-05,-1.19970e-02
1.2330000e-05,-1.19970e-02
1.2380000e-05,-1.07420e-02
1.2430000e-05,-1.07420e-02
1.2480000e-05,-9.00260e-03
1.2530000e-05,-6.75390e-03
1.2580000e-05,-5.79860e-03
1.2630000e-05,-4.07730e-03
1.2680000e-05,-4.07730e-03
1.2730000e-05,-2.36500e-03
1.2780000e-05,-1.50570e-03
1.2830000e-05,1.90520e-04
1.2880000e-05,1.89860e-03
1.2930000e-05,3.23350e-03
1.2980000e-05,3.23350e-03
1.3030000e-05,6.10600e-03
1.3080000e-05,7.66340e-03
1.3130000e-05,7.97790e-03
1.3180000e-05,9.12710e-03
1.3230000e-05,1.02150e-02
1.3280000e-05,1.13390e-02
1.3330000e-05,1.34030e-02
1.3380000e-05,1.36840e-02
1.3430000e-05,1.38120e-02
1.3480000e-05,1.57120e-02
1.3530000e-05,1.71330e-02
1.3580000e-05,1.67980e-02
1.3630000e-05,1.72430e-02
1.3680000e-05,1.76990e-02
1.3730000e-05,1.71550e-02
1.3780000e-05,1.76310e-02
1.3830000e-05,1.76310e-02
1.3880000e-05,1.72310e-02
1.3930000e-05,1.68530e-02
1.3980000e-05,1.62360e-02
1.4030000e-05,1.50370e-02
1.4080000e-05,1.44420e-02
1.4130000e-05,1.38490e-02
1.4180000e-05,1.13350e-02
1.4230000e-05,1.13700e-02
1.4280000e-05,9.58190e-03
1.4330000e-05,8.28010e-03
1.4380000e-05,5.95040e-03
1.4430000e-05,5.56090e-03
1.4480000e-05,4.55030e-03
1.4530000e-05,2.36020e-03
1.4580000e-05,3.78530e-04
1.4630000e-05,-1.24670e-03
1.4680000e-05,-1.85740e-03
1.4730000e-05,-5.05570e-03
1.4780000e-05,-7.14200e-03
1.4830000e-05,-9.24520e-03
1.4880000e-05,-1.00660e-02
1.4930000e-05,-1.27920e-02
1.4980000e-05,-1.42630e-02
1.5030000e-05,-1.63980e-02
1.5080000e-05,-1.74000e-02
1.5130000e-05,-1.74000e-02
1.5180000e-05,-1.87410e-02
1.5230000e-05,-1.87410e-02
1.5280000e-05,-1.96270e-02
1.5330000e-05,-1.94780e-02
1.5380000e-05,-1.88360e-02
1.5430000e-05,-1.86460e-02
1.5480000e-05,-1.83760e-02
1.5530000e-05,-1.83580e-02
1.5580000e-05,-1.83580e-02
1.5630000e-05,-1.62920e-02
1.5680000e-05,-1.54600e-02
1.5730000e-05,-1.38170e-02
1.5780000e-05,-1.32020e-02
1.5830000e-05,-1.18560e-02
1.5880000e-05,-1.18340e-02
1.5930000e-05,-8.90400e-03
1.5980000e-05,-7.05930e-03
1.6030000e-05,-6.82190e-03
1.6080000e-05,-2.85890e-03
1.6130000e-05,-7.31540e-04
1.6180000e-05,2.59140e-04
1.6230000e-05,1.53190e-03
1.6280000e-05,2.67310e-03
1.6330000e-05,4.97060e-03
1.6380000e-05,5.15180e-03
1.6430000e-05,6.14240e-03
1.6480000e-05,7.60630e-03
1.6530000e-05,8.40940e-03
1.6580000e-05,9.18190e-03
1.6630000e-05,1.03310e-02
1.6680000e-05,1.14250e-02
1.6730000e-05,1.12270e-02
1.6780000e-05,9.96380e-03
1.6830000e-05,1.08200e-02
1.6880000e-05,1.07820e-02
1.6930000e-05,9.00050e-03
1.6980000e-05,9.78690e-03
1.7030000e-05,9.70830e-03
1.7080000e-05,8.62710e-03
1.7130000e-05,8.62710e-03
1.7180000e-05,8.84120e-03
1.7230000e-05,7.80160e-03
1.7280000e-05,8.81950e-03
1.7330000e-05,8.81950e-03
1.7380000e-05,8.81950e-03
1.7430000e-05,9.76360e-03
1.7480000e-05,9.70060e-03
1.7530000e-05,9.70060e-03
1.7580000e-05,1.03040e-02
1.7630000e-05,1.03040e-02
1.7680000e-05,1.03040e-02
1.7730000e-05,1.02970e-02
1.7780000e-05,9.41630e-03
1.7830000e-05,1.13210e-02
1.7880000e-05,8.47480e-03
1.7930000e-05,9.23930e-03
1.7980000e-05,1.14160e-02
1.8030000e-05,9.56000e-03
1.8080000e-05,9.47790e-03
1.8130000e-05,1.04600e-02
1.8180000e-05,9.42870e-03
1.8230000e-05,7.09750e-03
1.8280000e-05,7.63670e-03
1.8330000e-05,9.05380e-03
1.8380000e-05,5.65620e-03
1.8430000e-05,5.53660e-03
1.8480000e-05,4.94180e-03
1.8530000e-05,2.89680e-03
1.8580000e-05,1.41170e-03
1.8630000e-05,9.57810e-04
1.8680000e-05,-7.79210e-04
1.8730000e-05,-1.32330e-03
1.8780000e-05,-4.93580e-03
1.8830000e-05,-6.70330e-03
1.8880000e-05,-8.04760e-03
1.8930000e-05,-1.11590e-02
1.8980000e-05,-1.31910e-02
1.9030000e-05,-1.49980e-02
1.9080000e-05,-1.99520e-02
1.9130000e-05,-2.18880e-02
1.9180000e-05,-2.43630e-02
1.9230000e-05,-2.88160e-02
1.9280000e-05,-3.19720e-02
1.9330000e-05,-3.49300e-02
1.9380000e-05,-3.90750e-02
1.9430000e-05,-4.24930e-02
1.9480000e-05,-4.48490e-02
1.9530000e-05,-4.88890e-02
1.9580000e-05,-5.27940e-02
1.9630000e-05,-5.55240e-02
1.9680000e-05,-6.26000e-02
1.9730000e-05,-6.41810e-02
1.9780000e-05,-6.67490e-02
1.9830000e-05,-6.89650e-02
1.9880000e-05,-7.05690e-02
1.9930000e-05,-7.11980e-02
1.9980000e-05,-7.33110e-02
2.0030000e-05,-7.39690e-02
2.0080000e-05,-7.44480e-02
2.0130000e-05,-7.44480e-02
2.0180000e-05,-7.31490e-02
2.0230000e-05,-7.04360e-02
2.0280000e-05,-7.00890e-02
2.0330000e-05,-6.66390e-02
2.0380000e-05,-6.31500e-02
2.0430000e-05,-5.91240e-02
2.0480000e-05,-5.54150e-02
2.0530000e-05,-5.14910e-02
2.0580000e-05,-4.65300e-02
2.0630000e-05,-4.15450e-02
2.0680000e-05,-3.63600e-02
2.0730000e-05,-3.10040e-02
2.0780000e-05,-2.49870e-02
2.0830000e-05,-1.97000e-02
2.0880000e-05,-1.34750e-02
2.0930000e-05,-2.66480e-03
2.0980000e-05,3.56410e-03
2.1030000e-05,8.38350e-03
2.1080000e-05,1.22770e-02
2.1130000e-05,1.80770e-02
2.1180000e-05,2.13750e-02
2.1230000e-05,2.52040e-02
2.1280000e-05,2.78600e-02
2.1330000e-05,3.17380e-02
2.1380000e-05,3.41150e-02
2.1430000e-05,3.47410e-02
2.1480000e-05,3.61460e-02
2.1530000e-05,3.80890e-02
2.1580000e-05,3.72690e-02
2.1630000e-05,3.79910e-02
2.1680000e-05,3.75600e-02
2.1730000e-05,3.60750e-02
2.1780000e-05,3.39290e-02
2.1830000e-05,3.29280e-02
2.1880000e-05,3.03880e-02
2.1930000e-05,2.78660e-02
2.1980000e-05,2.41890e-02
2.2030000e-05,1.96300e-02
2.2080000e-05,1.26920e-02
2.2130000e-05,9.30700e-03
2.2180000e-05,4.48620e-03
2.2230000e-05,-2.45700e-04
2.2280000e-05,-4.27870e-03
2.2330000e-05,-8.70940e-03
2.2380000e-05,-1.45740e-02
2.2430000e-05,-1.97810e-02
2.2480000e-05,-2.45490e-02
2.2530000e-05,-2.87710e-02
2.2580000e-05,-3.47570e-02
2.2630000e-05,-3.81010e-02
2.2680000e-05,-4.48840e-02
2.2730000e-05,-4.82750e-02
2.2780000e-05,-5.27910e-02
2.2830000e-05,-5.76820e-02
2.2880000e-05,-6.17290e-02
2.2930000e-05,-6.51530e-02
2.2980000e-05,-7.01750e-02
2.3030000e-05,-7.38920e-02
2.3080000e-05,-7.55050e-02
2.3130000e-05,-7.84010e-02
2.3180000e-05,-8.09200e-02
2.3230000e-05,-8.40820e-02
2.3280000e-05,-8.64300e-02
2.3330000e-05,-8.81220e-02
2.3380000e-05,-8.81220e-02
2.3430000e-05,-8.70180e-02
2.3480000e-05,-8.70180e-02
2.3530000e-05,-8.70180e-02
2.3580000e-05,-8.37200e-02
2.3630000e-05,-8.14060e-02
2.3680000e-05,-8.00620e-02
2.3730000e-05,-7.49180e-02
2.3780000e-05,-7.22710e-02
2.3830000e-05,-6.81130e-02
2.3880000e-05,-6.41170e-02
2.3930000e-05,-5.80050e-02
2.3980000e-05,-5.35070e-02
2.4030000e-05,-4.73500e-02
2.4080000e-05,-4.09210e-02
2.4130000e-05,-3.48610e-02
2.4180000e-05,-2.81040e-02
2.4230000e-05,-2.08680e-02
2.4280000e-05,-1.34710e-02
2.4330000e-05,-6.25170e-03
2.4380000e-05,9.60170e-04
2.4430000e-05,7.41390e-03
2.4480000e-05,1.53360e-02
2.4530000e-05,2.97410e-02
2.4580000e-05,3.66370e-02
2.4630000e-05,4.31160e-02
2.4680000e-05,4.94920e-02
2.4730000e-05,5.57310e-02
2.4780000e-05,6.12750e-02
2.4830000e-05,6.72850e-02
2.4880000e-05,7.10880e-02
2.4930000e-05,7.46710e-02
2.4980000e-05,7.77740e-02
2.5030000e-05,8.17160e-02
2.5080000e-05,8.30670e-02
2.5130000e-05,8.58870e-02
2.5180000e-05,8.49370e-02
2.5230000e-05,8.55390e-02
2.5280000e-05,8.25480e-02
2.5330000e-05,8.25480e-02
2.5380000e-05,8.15070e-02
2.5430000e-05,7.69970e-02
2.5480000e-05,7.31500e-02
2.5530000e-05,6.86800e-02
2.5580000e-05,6.17390e-02
2.5630000e-05,5.64360e-02
2.5680000e-05,4.40550e-02
2.5730000e-05,3.52380e-02
2.5780000e-05,2.93660e-02
2.5830000e-05,2.15760e-02
2.5880000e-05,1.34410e-02
2.5930000e-05,6.04140e-03
2.5980000e-05,-3.90820e-03
2.6030000e-05,-1.15790e-02
2.6080000e-05,-2.00400e-02
2.6130000e-05,-2.80570e-02
2.6180000e-05,-3.60170e-02
2.6230000e-05,-4.23230e-02
2.6280000e-05,-4.99470e-02
2.6330000e-05,-5.68120e-02
2.6380000e-05,-6.15390e-02
2.6430000e-05,-6.71210e-02
2.6480000e-05,-7.18580e-02
2.6530000e-05,-7.45350e-02
2.6580000e-05,-7.95400e-02
2.6630000e-05,-8.03650e-02
2.6680000e-05,-8.05820e-02
2.6730000e-05,-8.17200e-02
2.6780000e-05,-8.28780e-02
2.6830000e-05,-7.68520e-02
2.6880000e-05,-7.47030e-02
2.6930000e-05,-6.91010e-02
2.6980000e-05,-6.44020e-02
2.7030000e-05,-5.84290e-02
2.7080000e-05,-5.07860e-02
2.7130000e-05,-4.27240e-02
2.7180000e-05,-3.39510e-02
2.7230000e-05,-2.43630e-02
2.7280000e-05,-1.57470e-02
2.7330000e-05,-3.25810e-03
2.7380000e-05,7.52130e-03
2.7430000e-05,1.88550e-02
2.7480000e-05,3.05380e-02
2.7530000e-05,4.33210e-02
2.7580000e-05,5.42150e-02
2.7630000e-05,6.70960e-02
2.7680000e-05,7.95290e-02
2.7730000e-05,9.23490e-02
2.7780000e-05,1.02900e-01
2.7830000e-05,1.13520e-01
2.7880000e-05,1.25050e-01
2.7930000e-05,1.35480e-01
2.7980000e-05,1.44990e-01
2.8030000e-05,1.53830e-01
2.8080000e-05,1.61240e-01
2.8130000e-05,1.75680e-01
2.8180000e-05,1.80540e-01
2.8230000e-05,1.83720e-01
2.8280000e-05,1.86830e-01
2.8330000e-05,1.88420e-01
2.8380000e-05,1.88570e-01
2.8430000e-05,1.89780e-01
2.8480000e-05,1.88180e-01
2.8530000e-05,1.85130e-01
2.8580000e-05,1.81320e-01
2.8630000e-05,1.76890e-01
2.8680000e-05,1.69980e-01
2.8730000e-05,1.63390e-01
2.8780000e-05,1.55350e-01
2.8830000e-05,1.45370e-01
2.8880000e-05,1.35880e-01
2.8930000e-05,1.24370e-01
2.8980000e-05,1.12550e-01
2.9030000e-05,1.01480e-01
2.9080000e-05,8.80150e-02
2.9130000e-05,7.42400e-02
2.9180000e-05,6.23790e-02
2.9230000e-05,4.80450e-02
2.9280000e-05,2.07230e-02
2.9330000e-05,6.84220e-03
2.9380000e-05,-6.97360e-03
2.9430000e-05,-2.03110e-02
2.9480000e-05,-3.34490e-02
2.9530000e-05,-4.44000e-02
2.9580000e-05,-5.75500e-02
2.9630000e-05,-6.81270e-02
2.9680000e-05,-7.77660e-02
2.9730000e-05,-8.65650e-02
2.9780000e-05,-9.46100e-02
2.9830000e-05,-1.01310e-01
2.9880000e-05,-1.06110e-01
2.9930000e-05,-1.11090e-01
2.9980000e-05,-1.13370e-01
3.0030000e-05,-1.13950e-01
3.0080000e-05,-1.14090e-01
3.0130000e-05,-1.12640e-01
3.0180000e-05,-1.09820e-01
3.0230000e-05,-1.04830e-01
3.0280000e-05,-9.86690e-02
3.0330000e-05,-9.20450e-02
3.0380000e-05,-8.39790e-02
3.0430000e-05,-7.30920e-02
3.0480000e-05,-6.24110e-02
3.0530000e-05,-3.87860e-02
3.0580000e-05,-2.59480e-02
3.0630000e-05,-1.07200e-02
3.0680000e-05,2.99910e-03
3.0730000e-05,1.91120e-02
3.0780000e-05,3.48060e-02
3.0830000e-05,5.04670e-02
3.0880000e-05,6.63060e-02
3.0930000e-05,8.17160e-02
3.0980000e-05,9.60620e-02
3.1030000e-05,1.11460e-01
3.1080000e-05,1.25910e-01
3.1130000e-05,1.38610e-01
3.1180000e-05,1.51990e-01
3.1230000e-05,1.64770e-01
3.1280000e-05,1.74360e-01
3.1330000e-05,1.84740e-01
3.1380000e-05,1.94180e-01
3.1430000e-05,2.00670e-01
3.1480000e-05,2.06400e-01
3.1530000e-05,2.10400e-01
3.1580000e-05,2.14060e-01
3.1630000e-05,2.14540e-01
3.1680000e-05,2.15000e-01
3.1730000e-05,2.08760e-01
3.1780000e-05,2.03910e-01
3.1830000e-05,1.97800e-01
3.1880000e-05,1.89290e-01
3.1930000e-05,1.79880e-01
3.1980000e-05,1.68460e-01
3.2030000e-05,1.55700e-01
3.2080000e-05,1.41170e-01
3.2130000e-05,1.28300e-01
3.2180000e-05,1.11200e-01
3.2230000e-05,9.47830e-02
3.2280000e-05,7.66850e-02
3.2330000e-05,5.91950e-02
3.2380000e-05,4.14900e-02
3.2430000e-05,2.21340e-02
3.2480000e-05,1.95440e-03
3.2530000e-05,-1.74240e-02
3.2580000e-05,-3.57880e-02
3.2630000e-05,-5.28320e-02
3.2680000e-05,-7.07020e-02
3.2730000e-05,-8.83030e-02
3.2780000e-05,-1.05300e-01
3.2830000e-05,-1.20510e-01
3.2880000e-05,-1.33780e-01
3.2930000e-05,-1.57840e-01
3.2980000e-05,-1.68620e-01
3.3030000e-05,-1.76930e-01
3.3080000e-05,-1.83440e-01
3.3130000e-05,-1.87670e-01
3.3180000e-05,-1.91690e-01
3.3230000e-05,-1.93670e-01
3.3280000e-05,-1.93640e-01
3.3330000e-05,-1.90340e-01
3.3380000e-05,-1.87830e-01
3.3430000e-05,-1.82240e-01
3.3480000e-05,-1.74390e-01
3.3530000e-05,-1.67150e-01
3.3580000e-05,-1.57680e-01
3.3630000e-05,-1.45560e-01
3.3680000e-05,-1.33150e-01
3.3730000e-05,-1.17880e-01
3.3780000e-05,-1.05030e-01
3.3830000e-05,-8.85780e-02
3.3880000e-05,-7.25390e-02
3.3930000e-05,-5.64680e-02
3.3980000e-05,-3.80630e-02
3.4030000e-05,-2.08260e-02
3.4080000e-05,-4.07020e-03
3.4130000e-05,3.18680e-02
3.4180000e-05,4.96790e-02
3.4230000e-05,6.62430e-02
3.4280000e-05,8.21430e-02
3.4330000e-05,9.83950e-02
3.4380000e-05,1.12570e-01
3.4430000e-05,1.26680e-01
3.4480000e-05,1.39710e-01
3.4530000e-05,1.52190e-01
3.4580000e-05,1.62190e-01
3.4630000e-05,1.72620e-01
3.4680000e-05,1.80900e-01
3.4730000e-05,1.87800e-01
3.4780000e-05,1.92870e-01
3.4830000e-05,1.96590e-01
3.4880000e-05,1.99460e-01
3.4930000e-05,2.01810e-01
3.4980000e-05,2.00740e-01
3.5030000e-05,1.98910e-01
3.5080000e-05,1.95610e-01
3.5130000e-05,1.91170e-01
3.5180000e-05,1.86190e-01
3.5230000e-05,1.79150e-01
3.5280000e-05,1.71420e-01
3.5330000e-05,1.48970e-01
3.5380000e-05,1.37360e-01
3.5430000e-05,1.23750e-01
3.5480000e-05,1.11140e-01
3.5530000e-05,9.61430e-02
3.5580000e-05,8.00380e-02
3.5630000e-05,6.54360e-02
3.5680000e-05,4.98530e-02
3.5730000e-05,3.50190e-02
3.5780000e-05,1.75570e-02
3.5830000e-05,1.41290e-03
3.5880000e-05,-1.38350e-02
3.5930000e-05,-2.85010e-02
3.5980000e-05,-4.35740e-02
3.6030000e-05,-5.65200e-02
3.6080000e-05,-7.13670e-02
3.6130000e-05,-8.31890e-02
3.6180000e-05,-9.35130e-02
3.6230000e-05,-1.04080e-01
3.6280000e-05,-1.13050e-01
3.6330000e-05,-1.20810e-01
3.6380000e-05,-1.27490e-01
3.6430000e-05,-1.32100e-01
3.6480000e-05,-1.34700e-01
3.6530000e-05,-1.37370e-01
3.6580000e-05,-1.36190e-01
3.6630000e-05,-1.33150e-01
3.6680000e-05,-1.29350e-01
3.6730000e-05,-1.23390e-01
3.6780000e-05,-1.16830e-01
3.6830000e-05,-1.09890e-01
3.6880000e-05,-9.95630e-02
3.6930000e-05,-9.01520e-02
3.6980000e-05,-7.91590e-02
3.7030000e-05,-6.48490e-02
3.7080000e-05,-5.48100e-02
3.7130000e-05,-4.07470e-02
3.7180000e-05,-2.56850e-02
3.7230000e-05,-1.14830e-02
3.7280000e-05,2.88830e-03
3.7330000e-05,1.87640e-02
3.7380000e-05,3.38740e-02
3.7430000e-05,4.89860e-02
3.7480000e-05,6.47960e-02
3.7530000e-05,7.95520e-02
3.7580000e-05,9.26900e-02
3.7630000e-05,1.07460e-01
3.7680000e-05,1.21460e-01
3.7730000e-05,1.46530e-01
3.7780000e-05,1.58050e-01
3.7830000e-05,1.67630e-01
3.7880000e-05,1.78040e-01
3.7930000e-05,1.86610e-01
3.7980000e-05,1.92370e-01
3.8030000e-05,1.98020e-01
3.8080000e-05,2.01690e-01
3.8130000e-05,2.06470e-01
3.8180000e-05,2.06550e-01
3.8230000e-05,2.06560e-01
3.8280000e-05,2.05520e-01
3.8330000e-05,2.01420e-01
3.8380000e-05,1.97250e-01
3.8430000e-05,1.92920e-01
3.8480000e-05,1.84660e-01
3.8530000e-05,1.76930e-01
3.8580000e-05,1.66610e-01
3.8630000e-05,1.53230e-01
3.8680000e-05,1.42680e-01
3.8730000e-05,1.29980e-01
3.8780000e-05,1.14700e-01
3.8830000e-05,1.00110e-01
3.8880000e-05,8.47040e-02
3.8930000e-05,5.09560e-02
3.8980000e-05,3.42530e-02
3.9030000e-05,1.70330e-02
3.9080000e-05,1.64150e-03
3.9130000e-05,-1.47020e-02
3.9180000e-05,-3.01840e-02
3.9230000e-05,-4.44550e-02
3.9280000e-05,-5.98420e-02
3.9330000e-05,-7.22750e-02
3.9380000e-05,-8.41740e-02
3.9430000e-05,-9.56290e-02
3.9480000e-05,-1.05960e-01
3.9530000e-05,-1.13840e-01
3.9580000e-05,-1.21800e-01
3.9630000e-05,-1.27480e-01
3.9680000e-05,-1.31140e-01
3.9730000e-05,-1.34120e-01
3.9780000e-05,-1.36210e-01
3.9830000e-05,-1.35660e-01
3.9880000e-05,-1.33110e-01
3.9930000e-05,-1.31350e-01
3.9980000e-05,-1.24100e-01
4.0030000e-05,-1.17300e-01
4.0080000e-05,-1.12340e-01
4.0130000e-05,-8.98110e-02
4.0180000e-05,-7.99310e-02
4.0230000e-05,-6.72250e-02
4.0280000e-05,-5.36260e-02
4.0330000e-05,-3.97130e-02
4.0380000e-05,-2.44560e-02
4.0430000e-05,-8.35530e-03
4.0480000e-05,7.02850e-03
4.0530000e-05,2.25580e-02
4.0580000e-05,3.88440e-02
4.0630000e-05,5.53400e-02
4.0680000e-05,7.12540e-02
4.0730000e-05,8.67100e-02
4.0780000e-05,1.01010e-01
4.0830000e-05,1.14540e-01
4.0880000e-05,1.27610e-01
4.0930000e-05,1.40960e-01
4.0980000e-05,1.51410e-01
4.1030000e-05,1.61960e-01
4.1080000e-05,1.70420e-01
4.1130000e-05,1.78570e-01
4.1180000e-05,1.82920e-01
4.1230000e-05,1.87900e-01
4.1280000e-05,1.91580e-01
4.1330000e-05,1.90520e-01
4.1380000e-05,1.87880e-01
4.1430000e-05,1.85390e-01
4.1480000e-05,1.79320e-01
4.1530000e-05,1.70750e-01
4.1580000e-05,1.62060e-01
4.1630000e-05,1.50880e-01
4.1680000e-05,1.39440e-01
4.1730000e-05,1.26410e-01
4.1780000e-05,1.11150e-01
4.1830000e-05,9.52450e-02
4.1880000e-05,7.74930e-02
4.1930000e-05,5.99870e-02
4.1980000e-05,4.09630e-02
4.2030000e-05,2.25530e-02
4.2080000e-05,1.78000e-03
4.2130000e-05,-1.71230e-02
4.2180000e-05,-3.60800e-02
4.2230000e-05,-5.75270e-02
4.2280000e-05,-7.48200e-02
4.2330000e-05,-9.20770e-02
4.2380000e-05,-1.10930e-01
4.2430000e-05,-1.28220e-01
4.2480000e-05,-1.43040e-01
4.2530000e-05,-1.71410e-01
4.2580000e-05,-1.82950e-01
4.2630000e-05,-1.93690e-01
4.2680000e-05,-2.03390e-01
4.2730000e-05,-2.09620e-01
4.2780000e-05,-2.14360e-01
4.2830000e-05,-2.17640e-01
4.2880000e-05,-2.19300e-01
4.2930000e-05,-2.18100e-01
4.2980000e-05,-2.16540e-01
4.3030000e-05,-2.11830e-01
4.3080000e-05,-2.05800e-01
4.3130000e-05,-1.98380e-01
4.3180000e-05,-1.89680e-01
4.3230000e-05,-1.78840e-01
4.3280000e-05,-1.66800e-01
4.3330000e-05,-1.51470e-01
4.3380000e-05,-1.39160e-01
4.3430000e-05,-1.24060e-01
4.3480000e-05,-1.06400e-01
4.3530000e-05,-8.84570e-02
4.3580000e-05,-7.12870e-02
4.3630000e-05,-5.23900e-02
4.3680000e-05,-3.40420e-02
4.3730000e-05,3.07880e-03
4.3780000e-05,2.01020e-02
4.3830000e-05,3.80750e-02
4.3880000e-05,5.50680e-02
4.3930000e-05,7.01440e-02
4.3980000e-05,8.51810e-02
4.4030000e-05,1.00200e-01
4.4080000e-05,1.12770e-01
4.4130000e-05,1.24400e-01
4.4180000e-05,1.34080e-01
4.4230000e-05,1.43250e-01
4.4280000e-05,1.49770e-01
4.4330000e-05,1.55720e-01
4.4380000e-05,1.58640e-01
4.4430000e-05,1.60630e-01
4.4480000e-05,1.60630e-01
4.4530000e-05,1.59000e-01
4.4580000e-05,1.55130e-01
4.4630000e-05,1.49610e-01
4.4680000e-05,1.42830e-01
4.4730000e-05,1.34680e-01
4.4780000e-05,1.25380e-01
4.4830000e-05,1.15010e-01
4.4880000e-05,1.00190e-01
4.4930000e-05,7.50970e-02
4.4980000e-05,6.01080e-02
4.5030000e-05,4.45700e-02
4.5080000e-05,2.71880e-02
4.5130000e-05,1.11200e-02
4.5180000e-05,-4.98040e-03
4.5230000e-05,-2.15200e-02
4.5280000e-05,-3.74240e-02
4.5330000e-05,-5.35720e-02
4.5380000e-05,-7.02180e-02
4.5430000e-05,-8.24580e-02
4.5480000e-05,-9.71350e-02
4.5530000e-05,-1.10140e-01
4.5580000e-05,-1.23240e-01
4.5630000e-05,-1.33900e-01
4.5680000e-05,-1.42430e-01
4.5730000e-05,-1.49990e-01
4.5780000e-05,-1.57710e-01
4.5830000e-05,-1.63180e-01
4.5880000e-05,-1.64930e-01
4.5930000e-05,-1.66840e-01
4.5980000e-05,-1.67780e-01
4.6030000e-05,-1.65540e-01
4.6080000e-05,-1.63750e-01
4.6130000e-05,-1.52670e-01
4.6180000e-05,-1.44700e-01
4.6230000e-05,-1.37570e-01
4.6280000e-05,-1.27610e-01
4.6330000e-05,-1.15780e-01
4.6380000e-05,-1.05130e-01
4.6430000e-05,-9.13410e-02
4.6480000e-05,-7.81410e-02
4.6530000e-05,-6.50510e-02
4.6580000e-05,-4.94760e-02
4.6630000e-05,-3.27860e-02
4.6680000e-05,-2.00690e-02
4.6730000e-05,-4.47430e-03
4.6780000e-05,9.19580e-03
4.6830000e-05,2.53470e-02
4.6880000e-05,4.01730e-02
4.6930000e-05,5.32540e-02
4.6980000e-05,6.65390e-02
4.7030000e-05,7.79070e-02
4.7080000e-05,8.98230e-02
4.7130000e-05,1.02010e-01
4.7180000e-05,1.11010e-01
4.7230000e-05,1.19220e-01
4.7280000e-05,1.26110e-01
4.7330000e-05,1.36680e-01
4.7380000e-05,1.41270e-01
4.7430000e-05,1.42930e-01
4.7480000e-05,1.42930e-01
4.7530000e-05,1.45280e-01
4.7580000e-05,1.42490e-01
4.7630000e-05,1.41170e-01
4.7680000e-05,1.36600e-01
4.7730000e-05,1.32530e-01
4.7780000e-05,1.25950e-01
4.7830000e-05,1.20300e-01
4.7880000e-05,1.12770e-01
4.7930000e-05,1.04280e-01
4.7980000e-05,9.47270e-02
4.8030000e-05,8.55950e-02
4.8080000e-05,7.51730e-02
4.8130000e-05,6.57750e-02
4.8180000e-05,5.51290e-02
4.8230000e-05,4.32880e-02
4.8280000e-05,3.22940e-02
4.8330000e-05,2.05800e-02
4.8380000e-05,1.05880e-02
4.8430000e-05,7.23670e-04
4.8480000e-05,-9.74280e-03
4.8530000e-05,-2.78800e-02
4.8580000e-05,-3.61070e-02
4.8630000e-05,-4.32790e-02
4.8680000e-05,-5.00770e-02
4.8730000e-05,-5.46280e-02
4.8780000e-05,-5.97800e-02
4.8830000e-05,-6.38790e-02
4.8880000e-05,-6.55540e-02
4.8930000e-05,-6.65520e-02
4.8980000e-05,-6.75760e-02
4.9030000e-05,-6.55960e-02
4.9080000e-05,-6.51530e-02
4.9130000e-05,-6.17670e-02
4.9180000e-05,-5.79490e-02
4.9230000e-05,-5.23500e-02
4.9280000e-05,-4.69760e-02
4.9330000e-05,-4.06770e-02
4.9380000e-05,-3.42070e-02
4.9430000e-05,-2.81440e-02
4.9480000e-05,-1.81850e-02
4.9530000e-05,-8.93160e-03
4.9580000e-05,-1.62850e-03
4.9630000e-05,8.56080e-03
4.9680000e-05,1.71220e-02
4.9730000e-05,3.64200e-02
4.9780000e-05,4.56340e-02
4.9830000e-05,5.44840e-02
4.9880000e-05,6.22730e-02
4.9930000e-05,7.09870e-02
4.9980000e-05,7.94180e-02
5.0030000e-05,8.60840e-02
5.0080000e-05,9.29500e-02
5.0130000e-05,9.93230e-02
5.0180000e-05,1.05510e-01
5.0230000e-05,1.11610e-01
5.0280000e-05,1.15310e-01
5.0330000e-05,1.19820e-01
5.0380000e-05,1.23610e-01
5.0430000e-05,1.26840e-01
5.0480000e-05,1.29050e-01
5.0530000e-05,1.31300e-01
5.0580000e-05,1.33380e-01
5.0630000e-05,1.33380e-01
5.0680000e-05,1.34110e-01
5.0730000e-05,1.33280e-01
5.0780000e-05,1.29930e-01
5.0830000e-05,1.29930e-01
5.0880000e-05,1.29540e-01
5.0930000e-05,1.22510e-01
5.0980000e-05,1.19630e-01
5.1030000e-05,1.14000e-01
5.1080000e-05,1.08630e-01
5.1130000e-05,1.04870e-01
5.1180000e-05,9.86820e-02
5.1230000e-05,9.22210e-02
5.1280000e-05,8.53680e-02
5.1330000e-05,7.85600e-02
5.1380000e-05,7.14240e-02
5.1430000e-05,6.38890e-02
5.1480000e-05,5.56650e-02
5.1530000e-05,4.68170e-02
5.1580000e-05,3.77840e-02
5.1630000e-05,2.96070e-02
5.1680000e-05,2.04550e-02
5.1730000e-05,1.19340e-02
5.1780000e-05,1.54390e-03
5.1830000e-05,-7.12860e-03
5.1880000e-05,-1.57710e-02
5.1930000e-05,-2.49550e-02
5.1980000e-05,-3.33000e-02
5.2030000e-05,-4.30160e-02
5.2080000e-05,-5.08250e-02
5.2130000e-05,-6.49950e-02
5.2180000e-05,-7.15610e-02
5.2230000e-05,-7.75980e-02
5.2280000e-05,-8.26090e-02
5.2330000e-05,-8.59560e-02
5.2380000e-05,-8.99650e-02
5.2430000e-05,-9.26260e-02
5.2480000e-05,-9.51900e-02
5.2530000e-05,-9.60340e-02
5.2580000e-05,-9.60700e-02
5.2630000e-05,-9.54500e-02
5.2680000e-05,-9.51260e-02
5.2730000e-05,-9.13210e-02
5.2780000e-05,-8.90290e-02
5.2830000e-05,-8.57560e-02
5.2880000e-05,-8.13210e-02
5.2930000e-05,-7.58250e-02
5.2980000e-05,-7.00860e-02
5.3030000e-05,-6.33080e-02
5.3080000e-05,-5.62610e-02
5.3130000e-05,-4.87600e-02
5.3180000e-05,-4.04880e-02
5.3230000e-05,-3.18630e-02
5.3280000e-05,-2.48250e-02
5.3330000e-05,-4.69470e-03
5.3380000e-05,2.98820e-03
5.3430000e-05,1.19620e-02
5.3480000e-05,2.11630e-02
5.3530000e-05,2.92070e-02
5.3580000e-05,3.73450e-02
5.3630000e-05,4.63720e-02
5.3680000e-05,5.26400e-02
5.3730000e-05,5.90730e-02
5.3780000e-05,6.48730e-02
5.3830000e-05,7.02490e-02
5.3880000e-05,7.41330e-02
5.3930000e-05,7.74470e-02
5.3980000e-05,7.96800e-02
5.4030000e-05,8.13960e-02
5.4080000e-05,8.17480e-02
5.4130000e-05,8.20270e-02
5.4180000e-05,7.98950e-02
5.4230000e-05,7.79960e-02
5.4280000e-05,7.61320e-02
5.4330000e-05,7.04270e-02
5.4380000e-05,6.62550e-02
5.4430000e-05,6.16290e-02
5.4480000e-05,5.27780e-02
5.4530000e-05,3.75590e-02
5.4580000e-05,2.78700e-02
5.4630000e-05,1.77070e-02
5.4680000e-05,7.24880e-03
5.4730000e-05,-2.81460e-03
5.4780000e-05,-1.57340e-02
5.4830000e-05,-2.62170e-02
5.4880000e-05,-3.83140e-02
5.4930000e-05,-5.01550e-02
5.4980000e-05,-6.30040e-02
5.5030000e-05,-7.62540e-02
5.5080000e-05,-8.80920e-02
5.5130000e-05,-9.99980e-02
5.5180000e-05,-1.11280e-01
5.5230000e-05,-1.22140e-01
5.5280000e-05,-1.32940e-01
5.5330000e-05,-1.44550e-01
5.5380000e-05,-1.53950e-01
5.5430000e-05,-1.61230e-01
5.5480000e-05,-1.70520e-01
5.5530000e-05,-1.77410e-01
5.5580000e-05,-1.84500e-01
5.5630000e-05,-1.89770e-01
5.5680000e-05,-1.94780e-01
5.5730000e-05,-1.99850e-01
5.5780000e-05,-2.03030e-01
5.5830000e-05,-2.02440e-01
5.5880000e-05,-2.02290e-01
5.5930000e-05,-1.99980e-01
5.5980000e-05,-1.98250e-01
5.6030000e-05,-1.94240e-01
5.6080000e-05,-1.89010e-01
5.6130000e-05,-1.82910e-01
5.6180000e-05,-1.76700e-01
5.6230000e-05,-1.68890e-01
5.6280000e-05,-1.61360e-01
5.6330000e-05,-1.52270e-01
5.6380000e-05,-1.42700e-01
5.6430000e-05,-1.32050e-01
5.6480000e-05,-1.21190e-01
5.6530000e-05,-1.09390e-01
5.6580000e-05,-9.84680e-02
5.6630000e-05,-8.64510e-02
5.6680000e-05,-7.34830e-02
5.6730000e-05,-6.09100e-02
5.6780000e-05,-4.85850e-02
5.6830000e-05,-3.66450e-02
5.6880000e-05,-2.51860e-02
5.6930000e-05,3.63710e-04
5.6980000e-05,1.13210e-02
5.7030000e-05,2.23190e-02
5.7080000e-05,3.06660e-02
5.7130000e-05,4.04010e-02
5.7180000e-05,4.90120e-02
5.7230000e-05,5.77920e-02
5.7280000e-05,6.40100e-02
5.7330000e-05,6.81730e-02
5.7380000e-05,7.40200e-02
5.7430000e-05,7.80270e-02
5.7480000e-05,8.04010e-02
5.7530000e-05,8.15270e-02
5.7580000e-05,8.15270e-02
5.7630000e-05,8.19790e-02
5.7680000e-05,7.93110e-02
5.7730000e-05,7.73520e-02
5.7780000e-05,7.24330e-02
5.7830000e-05,6.73770e-02
5.7880000e-05,6.17780e-02
5.7930000e-05,5.54720e-02
5.7980000e-05,4.80040e-02
5.8030000e-05,4.06600e-02
5.8080000e-05,3.23020e-02
5.8130000e-05,1.48190e-02
5.8180000e-05,4.95350e-03
5.8230000e-05,-3.37510e-03
5.8280000e-05,-1.42220e-02
5.8330000e-05,-2.26410e-02
5.8380000e-05,-3.19890e-02
5.8430000e-05,-4.19150e-02
5.8480000e-05,-5.01740e-02
5.8530000e-05,-5.71930e-02
5.8580000e-05,-6.62630e-02
5.8630000e-05,-7.36150e-02
5.8680000e-05,-8.12610e-02
5.8730000e-05,-8.66100e-02
5.8780000e-05,-9.27650e-02
5.8830000e-05,-9.69840e-02
5.8880000e-05,-1.01490e-01
5.8930000e-05,-1.05670e-01
5.8980000e-05,-1.08260e-01
5.9030000e-05,-1.11100e-01
5.9080000e-05,-1.12230e-01
5.9130000e-05,-1.13340e-01
5.9180000e-05,-1.14620e-01
5.9230000e-05,-1.14840e-01
5.9280000e-05,-1.14840e-01
5.9330000e-05,-1.10960e-01
5.9380000e-05,-1.09690e-01
5.9430000e-05,-1.07720e-01
5.9480000e-05,-1.04970e-01
5.9530000e-05,-1.01410e-01
5.9580000e-05,-9.86080e-02
5.9630000e-05,-9.38160e-02
5.9680000e-05,-9.19630e-02
5.9730000e-05,-8.67050e-02
5.9780000e-05,-8.29230e-02
5.9830000e-05,-7.85560e-02
5.9880000e-05,-7.45800e-02
5.9930000e-05,-6.96540e-02
5.9980000e-05,-6.60050e-02
6.0030000e-05,-6.11670e-02
6.0080000e-05,-5.66230e-02
6.0130000e-05,-5.20760e-02
6.0180000e-05,-4.79830e-02
6.0230000e-05,-4.37750e-02
6.0280000e-05,-3.97350e-02
6.0330000e-05,-3.66880e-02
6.0380000e-05,-3.30230e-02
6.0430000e-05,-2.99430e-02
6.0480000e-05,-2.64250e-02
6.0530000e-05,-1.97700e-02
6.0580000e-05,-1.78710e-02
6.0630000e-05,-1.61210e-02
6.0680000e-05,-1.27320e-02
6.0730000e-05,-1.15330e-02
6.0780000e-05,-9.15370e-03
6.0830000e-05,-7.04590e-03
6.0880000e-05,-7.32970e-03
6.0930000e-05,-3.66820e-03
6.0980000e-05,-1.79300e-03
6.1030000e-05,-7.63790e-04
6.1080000e-05,-3.69590e-04
6.1130000e-05,1.21840e-03
6.1180000e-05,2.86260e-03
6.1230000e-05,2.86260e-03
6.1280000e-05,3.77940e-03
6.1330000e-05,4.10690e-03
6.1380000e-05,4.10690e-03
6.1430000e-05,4.14160e-03
6.1480000e-05,3.84950e-03
6.1530000e-05,4.32680e-03
6.1580000e-05,3.04730e-03
6.1630000e-05,3.00180e-03
6.1680000e-05,6.31490e-04
6.1730000e-05,-2.26840e-03
6.1780000e-05,-4.41110e-03
6.1830000e-05,-7.21320e-03
6.1880000e-05,-1.08020e-02
6.1930000e-05,-1.30070e-02
6.1980000e-05,-1.65480e-02
6.2030000e-05,-2.04400e-02
6.2080000e-05,-2.48360e-02
6.2130000e-05,-2.92860e-02
6.2180000e-05,-3.32830e-02
6.2230000e-05,-3.86080e-02
6.2280000e-05,-4.48540e-02
6.2330000e-05,-5.07040e-02
6.2380000e-05,-5.75880e-02
6.2430000e-05,-6.21810e-02
6.2480000e-05,-6.79290e-02
6.2530000e-05,-7.46680e-02
6.2580000e-05,-8.15790e-02
6.2630000e-05,-8.80400e-02
6.2680000e-05,-9.43620e-02
6.2730000e-05,-1.00380e-01
6.2780000e-05,-1.05720e-01
6.2830000e-05,-1.11620e-01
6.2880000e-05,-1.16430e-01
6.2930000e-05,-1.25880e-01
6.2980000e-05,-1.28270e-01
6.3030000e-05,-1.31050e-01
6.3080000e-05,-1.34040e-01
6.3130000e-05,-1.35390e-01
6.3180000e-05,-1.35540e-01
6.3230000e-05,-1.34110e-01
6.3280000e-05,-1.34370e-01
6.3330000e-05,-1.31280e-01
6.3380000e-05,-1.27540e-01
6.3430000e-05,-1.25430e-01
6.3480000e-05,-1.20950e-01
6.3530000e-05,-1.14310e-01
6.3580000e-05,-1.08630e-01
6.3630000e-05,-1.01740e-01
6.3680000e-05,-9.43730e-02
6.3730000e-05,-8.64950e-02
6.3780000e-05,-7.69070e-02
6.3830000e-05,-6.66480e-02
6.3880000e-05,-5.58940e-02
6.3930000e-05,-4.57610e-02
6.3980000e-05,-3.48050e-02
6.4030000e-05,-2.28870e-02
6.4080000e-05,-1.03950e-02
6.4130000e-05,1.21450e-02
6.4180000e-05,2.29000e-02
6.4230000e-05,3.59960e-02
6.4280000e-05,4.71450e-02
6.4330000e-05,5.74490e-02
6.4380000e-05,6.76420e-02
6.4430000e-05,7.76260e-02
6.4480000e-05,8.47090e-02
6.4530000e-05,9.44790e-02
6.4580000e-05,1.01750e-01
6.4630000e-05,1.06990e-01
6.4680000e-05,1.11220e-01
6.4730000e-05,1.14080e-01
6.4780000e-05,1.17560e-01
6.4830000e-05,1.19830e-01
6.4880000e-05,1.19830e-01
6.4930000e-05,1.16920e-01
6.4980000e-05,1.14090e-01
6.5030000e-05,1.10310e-01
6.5080000e-05,1.06040e-01
6.5130000e-05,9.93090e-02
6.5180000e-05,9.03910e-02
6.5230000e-05,8.09160e-02
6.5280000e-05,7.18310e-02
6.5330000e-05,4.85790e-02
6.5380000e-05,3.63470e-02
6.5430000e-05,2.24410e-02
6.5480000e-05,8.63940e-03
6.5530000e-05,-5.91720e-03
6.5580000e-05,-2.04140e-02
6.5630000e-05,-3.41010e-02
6.5680000e-05,-5.00480e-02
6.5730000e-05,-6.52220e-02
6.5780000e-05,-7.99090e-02
6.5830000e-05,-9.26270e-02
6.5880000e-05,-1.07340e-01
6.5930000e-05,-1.20660e-01
6.5980000e-05,-1.31570e-01
6.6030000e-05,-1.42540e-01
6.6080000e-05,-1.52640e-01
6.6130000e-05,-1.60750e-01
6.6180000e-05,-1.68600e-01
6.6230000e-05,-1.75560e-01
6.6280000e-05,-1.79660e-01
6.6330000e-05,-1.82070e-01
6.6380000e-05,-1.84240e-01
6.6430000e-05,-1.82500e-01
6.6480000e-05,-1.82500e-01
6.6530000e-05,-1.74190e-01
6.6580000e-05,-1.68950e-01
6.6630000e-05,-1.61270e-01
6.6680000e-05,-1.52580e-01
6.6730000e-05,-1.42170e-01
6.6780000e-05,-1.30680e-01
6.6830000e-05,-1.18460e-01
6.6880000e-05,-1.05150e-01
6.6930000e-05,-9.05290e-02
6.6980000e-05,-7.58300e-02
6.7030000e-05,-5.93330e-02
6.7080000e-05,-4.34440e-02
6.7130000e-05,-2.74580e-02
6.7180000e-05,-1.06760e-02
6.7230000e-05,6.39280e-03
6.7280000e-05,2.12960e-02
6.7330000e-05,3.71820e-02
6.7380000e-05,5.24810e-02
6.7430000e-05,6.65750e-02
6.7480000e-05,8.05390e-02
6.7530000e-05,9.38580e-02
6.7580000e-05,1.05020e-01
6.7630000e-05,1.15210e-01
6.7680000e-05,1.24420e-01
6.7730000e-05,1.38980e-01
6.7780000e-05,1.43330e-01
6.7830000e-05,1.47890e-01
6.7880000e-05,1.48860e-01
6.7930000e-05,1.49180e-01
6.7980000e-05,1.47930e-01
6.8030000e-05,1.45640e-01
6.8080000e-05,1.41370e-01
6.8130000e-05,1.36470e-01
6.8180000e-05,1.28660e-01
6.8230000e-05,1.20290e-01
6.8280000e-05,1.10470e-01
6.8330000e-05,1.00150e-01
6.8380000e-05,8.83080e-02
6.8430000e-05,7.51690e-02
6.8480000e-05,6.03490e-02
6.8530000e-05,4.66360e-02
6.8580000e-05,3.08430e-02
6.8630000e-05,1.50920e-02
6.8680000e-05,-6.98030e-04
6.8730000e-05,-1.65780e-02
6.8780000e-05,-3.24370e-02
6.8830000e-05,-4.71470e-02
6.8880000e-05,-6.35220e-02
6.8930000e-05,-9.58460e-02
6.8980000e-05,-1.10120e-01
6.9030000e-05,-1.23720e-01
6.9080000e-05,-1.37950e-01
6.9130000e-05,-1.50780e-01
6.9180000e-05,-1.63520e-01
6.9230000e-05,-1.73570e-01
6.9280000e-05,-1.82930e-01
6.9330000e-05,-1.91010e-01
6.9380000e-05,-1.99200e-01
6.9430000e-05,-2.04950e-01
6.9480000e-05,-2.10470e-01
6.9530000e-05,-2.13580e-01
6.9580000e-05,-2.16990e-01
6.9630000e-05,-2.16990e-01
6.9680000e-05,-2.16610e-01
6.9730000e-05,-2.16660e-01
6.9780000e-05,-2.14520e-01
6.9830000e-05,-2.09580e-01
6.9880000e-05,-2.04700e-01
6.9930000e-05,-2.00130e-01
6.9980000e-05,-1.93130e-01
7.0030000e-05,-1.84500e-01
7.0080000e-05,-1.75710e-01
7.0130000e-05,-1.55000e-01
7.0180000e-05,-1.44440e-01
7.0230000e-05,-1.33140e-01
7.0280000e-05,-1.20540e-01
7.0330000e-05,-1.06210e-01
7.0380000e-05,-9.44670e-02
7.0430000e-05,-8.05300e-02
7.0480000e-05,-6.77980e-02
7.0530000e-05,-5.47360e-02
7.0580000e-05,-3.98170e-02
7.0630000e-05,-2.63790e-02
7.0680000e-05,-1.47800e-02
7.0730000e-05,-2.03870e-03
7.0780000e-05,1.00790e-02
7.0830000e-05,2.39810e-02
7.0880000e-05,3.43660e-02
7.0930000e-05,4.48060e-02
7.0980000e-05,5.46390e-02
7.1030000e-05,6.36600e-02
7.1080000e-05,7.13510e-02
7.1130000e-05,7.99040e-02
7.1180000e-05,8.62120e-02
7.1230000e-05,9.12250e-02
7.1280000e-05,9.57780e-02
7.1330000e-05,1.00420e-01
7.1380000e-05,1.00420e-01
7.1430000e-05,1.01340e-01
7.1480000e-05,9.89460e-02
7.1530000e-05,9.63030e-02
7.1580000e-05,9.20960e-02
7.1630000e-05,8.75080e-02
7.1680000e-05,8.13100e-02
7.1730000e-05,7.56900e-02
7.1780000e-05,6.65020e-02
7.1830000e-05,5.87550e-02
7.1880000e-05,4.85820e-02
7.1930000e-05,3.90710e-02
7.1980000e-05,2.82100e-02
7.2030000e-05,1.62820e-02
7.2080000e-05,3.45930e-03
7.2130000e-05,-7.78930e-03
7.2180000e-05,-2.00950e-02
7.2230000e-05,-3.32370e-02
7.2280000e-05,-4.66250e-02
7.2330000e-05,-6.16530e-02
7.2380000e-05,-7.48820e-02
7.2430000e-05,-8.61480e-02
7.2480000e-05,-9.97990e-02
7.2530000e-05,-1.25800e-01
7.2580000e-05,-1.38040e-01
7.2630000e-05,-1.48980e-01
7.2680000e-05,-1.59580e-01
7.2730000e-05,-1.69270e-01
7.2780000e-05,-1.79990e-01
7.2830000e-05,-1.87000e-01
7.2880000e-05,-1.94010e-01
7.2930000e-05,-2.00460e-01
7.2980000e-05,-2.06800e-01
7.3030000e-05,-2.10650e-01
7.3080000e-05,-2.15330e-01
7.3130000e-05,-2.17020e-01
7.3180000e-05,-2.18800e-01
7.3230000e-05,-2.17840e-01
7.3280000e-05,-2.17840e-01
7.3330000e-05,-2.17250e-01
7.3380000e-05,-2.13970e-01
7.3430000e-05,-2.09420e-01
7.3480000e-05,-2.03930e-01
7.3530000e-05,-1.97680e-01
7.3580000e-05,-1.90390e-01
7.3630000e-05,-1.83620e-01
7.3680000e-05,-1.74160e-01
7.3730000e-05,-1.54210e-01
7.3780000e-05,-1.43640e-01
7.3830000e-05,-1.32150e-01
7.3880000e-05,-1.19900e-01
7.3930000e-05,-1.07300e-01
7.3980000e-05,-9.49190e-02
7.4030000e-05,-8.27080e-02
7.4080000e-05,-7.01320e-02
7.4130000e-05,-5.69470e-02
7.4180000e-05,-4.50280e-02
7.4230000e-05,-3.15340e-02
7.4280000e-05,-2.07910e-02
7.4330000e-05,-8.88850e-03
7.4380000e-05,1.36270e-03
7.4430000e-05,1.12980e-02
7.4480000e-05,2.11750e-02
7.4530000e-05,2.93640e-02
7.4580000e-05,3.65880e-02
7.4630000e-05,4.38580e-02
7.4680000e-05,4.95460e-02
7.4730000e-05,5.42990e-02
7.4780000e-05,5.81520e-02
7.4830000e-05,5.91760e-02
7.4880000e-05,5.91740e-02
7.4930000e-05,5.78990e-02
7.4980000e-05,5.55600e-02
7.5030000e-05,5.06230e-02
7.5080000e-05,4.68130e-02
7.5130000e-05,4.05340e-02
7.5180000e-05,3.29810e-02
7.5230000e-05,2.57580e-02
7.5280000e-05,1.54210e-02
7.5330000e-05,6.85020e-03
7.5380000e-05,-4.79320e-03
7.5430000e-05,-1.51160e-02
7.5480000e-05,-2.65430e-02
7.5530000e-05,-3.88800e-02
7.5580000e-05,-5.08240e-02
7.5630000e-05,-6.50900e-02
7.5680000e-05,-7.81810e-02
7.5730000e-05,-9.07700e-02
7.5780000e-05,-1.03140e-01
7.5830000e-05,-1.15280e-01
7.5880000e-05,-1.28730e-01
7.5930000e-05,-1.40620e-01
7.5980000e-05,-1.50760e-01
7.6030000e-05,-1.59870e-01
7.6080000e-05,-1.69880e-01
7.6130000e-05,-1.85620e-01
7.6180000e-05,-1.93150e-01
7.6230000e-05,-1.98380e-01
7.6280000e-05,-2.00700e-01
7.6330000e-05,-2.04260e-01
7.6380000e-05,-2.05770e-01
7.6430000e-05,-2.05770e-01
7.6480000e-05,-2.04090e-01
7.6530000e-05,-2.00280e-01
7.6580000e-05,-1.97810e-01
7.6630000e-05,-1.91740e-01
7.6680000e-05,-1.85570e-01
7.6730000e-05,-1.76020e-01
7.6780000e-05,-1.67310e-01
7.6830000e-05,-1.55480e-01
7.6880000e-05,-1.44480e-01
7.6930000e-05,-1.32470e-01
7.6980000e-05,-1.18090e-01
7.7030000e-05,-1.03240e-01
7.7080000e-05,-8.82030e-02
7.7130000e-05,-7.33070e-02
7.7180000e-05,-5.67590e-02
7.7230000e-05,-4.07360e-02
7.7280000e-05,-2.34890e-02
7.7330000e-05,1.06160e-02
7.7380000e-05,2.74790e-02
7.7430000e-05,4.30290e-02
7.7480000e-05,5.89990e-02
7.7530000e-05,7.50820e-02
7.7580000e-05,8.80120e-02
7.7630000e-05,1.01250e-01
7.7680000e-05,1.14910e-01
7.7730000e-05,1.26360e-01
7.7780000e-05,1.35040e-01
7.7830000e-05,1.44510e-01
7.7880000e-05,1.52610e-01
7.7930000e-05,1.58630e-01
7.7980000e-05,1.63180e-01
7.8030000e-05,1.67440e-01
7.8080000e-05,1.68930e-01
7.8130000e-05,1.68260e-01
7.8180000e-05,1.66200e-01
7.8230000e-05,1.64220e-01
7.8280000e-05,1.59530e-01
7.8330000e-05,1.53210e-01
7.8380000e-05,1.45390e-01
7.8430000e-05,1.35940e-01
7.8480000e-05,1.26340e-01
7.8530000e-05,1.03280e-01
7.8580000e-05,8.89320e-02
7.8630000e-05,7.60490e-02
7.8680000e-05,5.97690e-02
7.8730000e-05,4.49710e-02
7.8780000e-05,2.97570e-02
7.8830000e-05,1.36650e-02
7.8880000e-05,-3.44460e-03
7.8930000e-05,-1.83420e-02
7.8980000e-05,-3.47840e-02
7.9030000e-05,-4.90350e-02
7.9080000e-05,-6.39380e-02
7.9130000e-05,-7.87960e-02
7.9180000e-05,-9.15380e-02
7.9230000e-05,-1.05030e-01
7.9280000e-05,-1.16200e-01
7.9330000e-05,-1.27780e-01
7.9380000e-05,-1.37470e-01
7.9430000e-05,-1.44870e-01
7.9480000e-05,-1.53590e-01
7.9530000e-05,-1.59580e-01
7.9580000e-05,-1.62890e-01
7.9630000e-05,-1.65450e-01
7.9680000e-05,-1.67550e-01
7.9730000e-05,-1.65500e-01
7.9780000e-05,-1.62850e-01
7.9830000e-05,-1.58230e-01
7.9880000e-05,-1.52650e-01
7.9930000e-05,-1.45560e-01
7.9980000e-05,-1.37800e-01
8.0030000e-05,-1.29530e-01
8.0080000e-05,-1.19430e-01
8.0130000e-05,-1.07420e-01
8.0180000e-05,-9.68560e-02
8.0230000e-05,-8.43380e-02
8.0280000e-05,-7.16110e-02
8.0330000e-05,-5.82520e-02
8.0380000e-05,-4.52630e-02
8.0430000e-05,-3.02520e-02
8.0480000e-05,-1.68770e-02
8.0530000e-05,-3.03160e-03
8.0580000e-05,1.01790e-02
8.0630000e-05,2.34600e-02
8.0680000e-05,3.78880e-02
8.0730000e-05,4.97600e-02
8.0780000e-05,6.07340e-02
8.0830000e-05,7.25110e-02
8.0880000e-05,8.35970e-02
8.0930000e-05,1.02030e-01
8.0980000e-05,1.10440e-01
8.1030000e-05,1.17710e-01
8.1080000e-05,1.23660e-01
8.1130000e-05,1.28950e-01
8.1180000e-05,1.31550e-01
8.1230000e-05,1.35370e-01
8.1280000e-05,1.37200e-01
8.1330000e-05,1.39110e-01
8.1380000e-05,1.38340e-01
8.1430000e-05,1.37980e-01
8.1480000e-05,1.34640e-01
8.1530000e-05,1.31360e-01
8.1580000e-05,1.28620e-01
8.1630000e-05,1.23590e-01
8.1680000e-05,1.17490e-01
8.1730000e-05,1.10480e-01
8.1780000e-05,1.03150e-01
8.1830000e-05,9.61060e-02
8.1880000e-05,8.69270e-02
8.1930000e-05,7.92660e-02
8.1980000e-05,6.82620e-02
8.2030000e-05,5.88280e-02
8.2080000e-05,4.92000e-02
8.2130000e-05,2.96830e-02
8.2180000e-05,1.75750e-02
8.2230000e-05,7.11040e-03
8.2280000e-05,-4.16030e-03
8.2330000e-05,-1.26940e-02
8.2380000e-05,-2.36360e-02
8.2430000e-05,-3.41870e-02
8.2480000e-05,-4.35380e-02
8.2530000e-05,-5.28410e-02
8.2580000e-05,-6.21940e-02
8.2630000e-05,-7.04580e-02
8.2680000e-05,-7.92200e-02
8.2730000e-05,-8.80160e-02
8.2780000e-05,-9.47790e-02
8.2830000e-05,-1.01860e-01
8.2880000e-05,-1.08750e-01
8.2930000e-05,-1.14820e-01
8.2980000e-05,-1.19320e-01
8.3030000e-05,-1.24490e-01
8.3080000e-05,-1.28800e-01
8.3130000e-05,-1.33040e-01
8.3180000e-05,-1.34640e-01
8.3230000e-05,-1.36420e-01
8.3280000e-05,-1.40020e-01
8.3330000e-05,-1.40280e-01
8.3380000e-05,-1.39350e-01
8.3430000e-05,-1.39260e-01
8.3480000e-05,-1.39260e-01
8.3530000e-05,-1.34660e-01
8.3580000e-05,-1.33440e-01
8.3630000e-05,-1.28970e-01
8.3680000e-05,-1.26220e-01
8.3730000e-05,-1.21330e-01
8.3780000e-05,-1.16600e-01
8.3830000e-05,-1.10420e-01
8.3880000e-05,-1.05430e-01
8.3930000e-05,-9.93110e-02
8.3980000e-05,-9.26830e-02
8.4030000e-05,-8.39070e-02
8.4080000e-05,-7.80010e-02
8.4130000e-05,-6.90390e-02
8.4180000e-05,-5.91270e-02
8.4230000e-05,-5.20130e-02
8.4280000e-05,-4.20880e-02
8.4330000e-05,-3.34250e-02
8.4380000e-05,-2.45020e-02
8.4430000e-05,-1.40500e-02
8.4480000e-05,-5.59880e-03
8.4530000e-05,1.33800e-02
8.4580000e-05,2.20890e-02
8.4630000e-05,3.20690e-02
8.4680000e-05,4.18230e-02
8.4730000e-05,5.07550e-02
8.4780000e-05,5.75680e-02
8.4830000e-05,6.56500e-02
8.4880000e-05,7.23640e-02
8.4930000e-05,7.98930e-02
8.4980000e-05,8.65090e-02
8.5030000e-05,9.22260e-02
8.5080000e-05,9.59910e-02
8.5130000e-05,1.01140e-01
8.5180000e-05,1.04350e-01
8.5230000e-05,1.07620e-01
8.5280000e-05,1.09830e-01
8.5330000e-05,1.09820e-01
8.5380000e-05,1.09990e-01
8.5430000e-05,1.10370e-01
8.5480000e-05,1.08890e-01
8.5530000e-05,1.06070e-01
8.5580000e-05,1.03820e-01
8.5630000e-05,1.00170e-01
8.5680000e-05,9.60000e-02
8.5730000e-05,8.28020e-02
8.5780000e-05,7.58790e-02
8.5830000e-05,6.83380e-02
8.5880000e-05,6.05830e-02
8.5930000e-05,5.18650e-02
8.5980000e-05,4.11680e-02
8.6030000e-05,3.27560e-02
8.6080000e-05,2.26450e-02
8.6130000e-05,1.27620e-02
8.6180000e-05,1.44900e-03
8.6230000e-05,-7.42770e-03
8.6280000e-05,-1.80060e-02
8.6330000e-05,-2.72170e-02
8.6380000e-05,-3.82150e-02
8.6430000e-05,-4.76950e-02
8.6480000e-05,-5.59380e-02
8.6530000e-05,-6.46560e-02
8.6580000e-05,-7.35610e-02
8.6630000e-05,-7.95250e-02
8.6680000e-05,-8.59430e-02
8.6730000e-05,-9.35670e-02
8.6780000e-05,-9.70280e-02
8.6830000e-05,-9.92760e-02
8.6880000e-05,-1.04420e-01
8.6930000e-05,-1.07440e-01
8.6980000e-05,-1.08340e-01
8.7030000e-05,-1.07730e-01
8.7080000e-05,-1.04930e-01
8.7130000e-05,-1.03860e-01
8.7180000e-05,-1.00080e-01
8.7230000e-05,-9.56910e-02
8.7280000e-05,-9.11760e-02
8.7330000e-05,-8.25560e-02
8.7380000e-05,-7.66510e-02
8.7430000e-05,-6.83810e-02
8.7480000e-05,-5.95330e-02
8.7530000e-05,-5.11910e-02
8.7580000e-05,-4.22220e-02
8.7630000e-05,-2.99660e-02
8.7680000e-05,-1.98890e-02
8.7730000e-05,-1.03570e-02
8.7780000e-05,2.17460e-03
8.7830000e-05,1.39870e-02
8.7880000e-05,2.42400e-02
8.7930000e-05,3.58720e-02
8.7980000e-05,4.75850e-02
8.8030000e-05,5.86710e-02
8.8080000e-05,6.85290e-02
8.8130000e-05,8.90990e-02
8.8180000e-05,9.71280e-02
8.8230000e-05,1.05260e-01
8.8280000e-05,1.12770e-01
8.8330000e-05,1.19990e-01
8.8380000e-05,1.25530e-01
8.8430000e-05,1.30350e-01
8.8480000e-05,1.35310e-01
8.8530000e-05,1.37190e-01
8.8580000e-05,1.39740e-01
8.8630000e-05,1.41330e-01
8.8680000e-05,1.41330e-01
8.8730000e-05,1.39950e-01
8.8780000e-05,1.37340e-01
8.8830000e-05,1.36080e-01
8.8880000e-05,1.32230e-01
8.8930000e-05,1.27060e-01
8.8980000e-05,1.20880e-01
8.9030000e-05,1.15600e-01
8.9080000e-05,1.08360e-01
8.9130000e-05,1.01180e-01
8.9180000e-05,9.37600e-02
8.9230000e-05,8.47100e-02
8.9280000e-05,7.46610e-02
8.9330000e-05,5.61800e-02
8.9380000e-05,4.55720e-02
8.9430000e-05,3.58160e-02
8.9480000e-05,2.54680e-02
8.9530000e-05,1.48750e-02
8.9580000e-05,5.23730e-03
8.9630000e-05,-3.06290e-03
8.9680000e-05,-1.32280e-02
8.9730000e-05,-2.17060e-02
8.9780000e-05,-3.02650e-02
8.9830000e-05,-3.74100e-02
8.9880000e-05,-4.52940e-02
8.9930000e-05,-5.09790e-02
8.9980000e-05,-5.62070e-02
9.0030000e-05,-6.13330e-02
9.0080000e-05,-6.47820e-02
9.0130000e-05,-6.82570e-02
9.0180000e-05,-7.06300e-02
9.0230000e-05,-7.11620e-02
9.0280000e-05,-7.22460e-02
9.0330000e-05,-7.26540e-02
9.0380000e-05,-7.10950e-02
9.0430000e-05,-6.93910e-02
9.0480000e-05,-6.67180e-02
9.0530000e-05,-5.63540e-02
9.0580000e-05,-5.26990e-02
9.0630000e-05,-4.56050e-02
9.0680000e-05,-3.65930e-02
9.0730000e-05,-2.98900e-02
9.0780000e-05,-2.36150e-02
9.0830000e-05,-1.29600e-02
9.0880000e-05,-5.09110e-03
9.0930000e-05,5.21490e-03
9.0980000e-05,1.55780e-02
9.1030000e-05,2.64180e-02
9.1080000e-05,3.60290e-02
9.1130000e-05,4.62070e-02
9.1180000e-05,5.67870e-02
9.1230000e-05,6.78680e-02
9.1280000e-05,7.80670e-02
9.1330000e-05,8.88830e-02
9.1380000e-05,9.89750e-02
9.1430000e-05,1.07660e-01
9.1480000e-05,1.16900e-01
9.1530000e-05,1.26890e-01
9.1580000e-05,1.35600e-01
9.1630000e-05,1.42200e-01
9.1680000e-05,1.50050e-01
9.1730000e-05,1.62760e-01
9.1780000e-05,1.66380e-01
9.1830000e-05,1.71530e-01
9.1880000e-05,1.74960e-01
9.1930000e-05,1.77990e-01
9.1980000e-05,1.77990e-01
9.2030000e-05,1.79930e-01
9.2080000e-05,1.78220e-01
9.2130000e-05,1.79380e-01
9.2180000e-05,1.78170e-01
9.2230000e-05,1.74730e-01
9.2280000e-05,1.71080e-01
9.2330000e-05,1.67450e-01
9.2380000e-05,1.61670e-01
9.2430000e-05,1.55490e-01
9.2480000e-05,1.50700e-01
9.2530000e-05,1.42770e-01
9.2580000e-05,1.33610e-01
9.2630000e-05,1.26170e-01
9.2680000e-05,1.18240e-01
9.2730000e-05,1.08390e-01
9.2780000e-05,9.90790e-02
9.2830000e-05,8.97570e-02
9.2880000e-05,7.94220e-02
9.2930000e-05,6.08510e-02
9.2980000e-05,5.00710e-02
9.3030000e-05,4.01260e-02
9.3080000e-05,3.04050e-02
9.3130000e-05,2.16690e-02
9.3180000e-05,1.19690e-02
9.3230000e-05,3.78550e-03
9.3280000e-05,-6.41250e-03
9.3330000e-05,-1.44280e-02
9.3380000e-05,-2.12980e-02
9.3430000e-05,-2.88910e-02
9.3480000e-05,-3.55680e-02
9.3530000e-05,-4.17350e-02
9.3580000e-05,-4.62480e-02
9.3630000e-05,-5.10480e-02
9.3680000e-05,-5.43580e-02
9.3730000e-05,-5.61840e-02
9.3780000e-05,-5.95600e-02
9.3830000e-05,-6.10540e-02
9.3880000e-05,-6.16130e-02
9.3930000e-05,-6.08670e-02
9.3980000e-05,-6.00870e-02
9.4030000e-05,-5.87920e-02
9.4080000e-05,-5.47930e-02
9.4130000e-05,-4.83920e-02
9.4180000e-05,-4.35500e-02
9.4230000e-05,-3.81790e-02
9.4280000e-05,-3.28350e-02
9.4330000e-05,-2.59440e-02
9.4380000e-05,-1.86250e-02
9.4430000e-05,-1.15750e-02
9.4480000e-05,-3.82040e-03
9.4530000e-05,4.52290e-03
9.4580000e-05,1.27370e-02
9.4630000e-05,2.22980e-02
9.4680000e-05,2.99920e-02
9.4730000e-05,3.92720e-02
9.4780000e-05,4.79030e-02
9.4830000e-05,5.80360e-02
9.4880000e-05,6.64790e-02
9.4930000e-05,7.42420e-02
9.4980000e-05,8.33470e-02
9.5030000e-05,8.99330e-02
9.5080000e-05,9.77230e-02
9.5130000e-05,1.05180e-01
9.5180000e-05,1.10420e-01
9.5230000e-05,1.17240e-01
9.5280000e-05,1.22600e-01
9.5330000e-05,1.30030e-01
9.5380000e-05,1.33850e-01
9.5430000e-05,1.35460e-01
9.5480000e-05,1.37180e-01
9.5530000e-05,1.36240e-01
9.5580000e-05,1.35210e-01
9.5630000e-05,1.35310e-01
9.5680000e-05,1.32170e-01
9.5730000e-05,1.29100e-01
9.5780000e-05,1.24820e-01
9.5830000e-05,1.20480e-01
9.5880000e-05,1.14330e-01
9.5930000e-05,1.07930e-01
9.5980000e-05,9.99300e-02
9.6030000e-05,9.28970e-02
9.6080000e-05,8.43780e-02
9.6130000e-05,7.46580e-02
9.6180000e-05,6.43660e-02
9.6230000e-05,5.45860e-02
9.6280000e-05,4.43040e-02
9.6330000e-05,3.27220e-02
9.6380000e-05,2.18040e-02
9.6430000e-05,1.07130e-02
9.6480000e-05,-1.36090e-03
9.6530000e-05,-2.34330e-02
9.6580000e-05,-3.39280e-02
9.6630000e-05,-4.53430e-02
9.6680000e-05,-5.59290e-02
9.6730000e-05,-6.45580e-02
9.6780000e-05,-7.41410e-02
9.6830000e-05,-8.19880e-02
9.6880000e-05,-9.02330e-02
9.6930000e-05,-9.72270e-02
9.6980000e-05,-1.03710e-01
9.7030000e-05,-1.08770e-01
9.7080000e-05,-1.13830e-01
9.7130000e-05,-1.17090e-01
9.7180000e-05,-1.19720e-01
9.7230000e-05,-1.21440e-01
9.7280000e-05,-1.21390e-01
9.7330000e-05,-1.21390e-01
9.7380000e-05,-1.20500e-01
9.7430000e-05,-1.18260e-01
9.7480000e-05,-1.14670e-01
9.7530000e-05,-1.09270e-01
9.7580000e-05,-1.04060e-01
9.7630000e-05,-9.90340e-02
9.7680000e-05,-9.28270e-02
9.7730000e-05,-7.49710e-02
9.7780000e-05,-6.63940e-02
9.7830000e-05,-5.72510e-02
9.7880000e-05,-4.58490e-02
9.7930000e-05,-3.58530e-02
9.7980000e-05,-2.45130e-02
9.8030000e-05,-1.21200e-02
9.8080000e-05,-2.23080e-03
9.8130000e-05,9.69920e-03
9.8180000e-05,1.91070e-02
9.8230000e-05,3.17790e-02
9.8280000e-05,4.25340e-02
9.8330000e-05,5.33550e-02
9.8380000e-05,6.21320e-02
9.8430000e-05,7.13510e-02
9.8480000e-05,8.14170e-02
9.8530000e-05,8.99440e-02
9.8580000e-05,9.77020e-02
9.8630000e-05,1.02830e-01
9.8680000e-05,1.07480e-01
9.8730000e-05,1.12720e-01
9.8780000e-05,1.19230e-01
9.8830000e-05,1.20750e-01
9.8880000e-05,1.21650e-01
9.8930000e-05,1.21680e-01
9.8980000e-05,1.21190e-01
9.9030000e-05,1.20090e-01
9.9080000e-05,1.15900e-01
9.9130000e-05,1.11170e-01
9.9180000e-05,1.06190e-01
9.9230000e-05,1.01520e-01
9.9280000e-05,9.45370e-02
9.9330000e-05,8.91340e-02
9.9380000e-05,7.98690e-02
9.9430000e-05,7.08120e-02
9.9480000e-05,6.27350e-02
9.9530000e-05,5.47260e-02
9.9580000e-05,4.61100e-02
9.9630000e-05,3.65520e-02
9.9680000e-05,2.71250e-02
9.9730000e-05,1.63740e-02
9.9780000e-05,7.44260e-03
9.9830000e-05,-1.62030e-04
9.9880000e-05,-1.03020e-02
9.9930000e-05,-1.75100e-02
9.9980000e-05,-2.62620e-02
1.0003000e-04,-3.24330e-02
1.0008000e-04,-3.82590e-02
1.0013000e-04,-4.88100e-02
1.0018000e-04,-5.46630e-02
1.0023000e-04,-5.87840e-02
1.0028000e-04,-6.08790e-02
1.0033000e-04,-6.20480e-02
1.0038000e-04,-6.43270e-02
1.0043000e-04,-6.43270e-02
1.0048000e-04,-6.47630e-02
1.0053000e-04,-6.28950e-02
1.0058000e-04,-5.90130e-02
1.0063000e-04,-5.79520e-02
1.0068000e-04,-5.42260e-02
1.0073000e-04,-4.97670e-02
1.0078000e-04,-4.47490e-02
1.0083000e-04,-3.74320e-02
1.0088000e-04,-3.24240e-02
1.0093000e-04,-2.54040e-02
1.0098000e-04,-1.96700e-02
1.0103000e-04,-1.25140e-02
1.0108000e-04,-4.56550e-03
1.0113000e-04,3.27430e-03
1.0118000e-04,1.09770e-02
1.0123000e-04,1.87130e-02
1.0128000e-04,2.64070e-02
1.0133000e-04,4.23200e-02
1.0138000e-04,4.94750e-02
1.0143000e-04,5.70680e-02
1.0148000e-04,6.35650e-02
1.0153000e-04,6.94260e-02
1.0158000e-04,7.52090e-02
1.0163000e-04,8.22140e-02
1.0168000e-04,8.50620e-02
1.0173000e-04,9.05870e-02
1.0178000e-04,9.42240e-02
1.0183000e-04,9.83500e-02
1.0188000e-04,1.00330e-01
1.0193000e-04,1.02030e-01
1.0198000e-04,1.03070e-01
1.0203000e-04,1.04580e-01
1.0208000e-04,1.04650e-01
1.0213000e-04,1.04180e-01
1.0218000e-04,1.02820e-01
1.0223000e-04,1.00390e-01
1.0228000e-04,9.90280e-02
1.0233000e-04,9.54970e-02
1.0238000e-04,9.30800e-02
1.0243000e-04,8.99310e-02
1.0248000e-04,8.51280e-02
1.0253000e-04,7.69860e-02
1.0258000e-04,7.20320e-02
1.0263000e-04,6.68140e-02
1.0268000e-04,6.17450e-02
1.0273000e-04,5.67180e-02
1.0278000e-04,5.02490e-02
1.0283000e-04,4.52120e-02
1.0288000e-04,3.97070e-02
1.0293000e-04,3.47180e-02
1.0298000e-04,2.88190e-02
1.0303000e-04,2.40250e-02
1.0308000e-04,1.94880e-02
1.0313000e-04,1.59090e-02
1.0318000e-04,1.02080e-02
1.0323000e-04,6.66740e-03
1.0328000e-04,4.22040e-03
1.0333000e-04,4.90420e-04
1.0338000e-04,-2.79850e-03
1.0343000e-04,-5.62380e-03
1.0348000e-04,-7.05440e-03
1.0353000e-04,-1.00350e-02
1.0358000e-04,-1.11340e-02
1.0363000e-04,-1.11040e-02
1.0368000e-04,-1.16450e-02
1.0373000e-04,-1.16450e-02
1.0378000e-04,-1.00680e-02
1.0383000e-04,-8.11950e-03
1.0388000e-04,-6.41200e-03
1.0393000e-04,-4.32670e-03
1.0398000e-04,-1.90570e-03
1.0403000e-04,5.74560e-04
1.0408000e-04,3.66120e-03
1.0413000e-04,8.31900e-03
1.0418000e-04,1.23700e-02
1.0423000e-04,1.67240e-02
1.0428000e-04,2.03020e-02
1.0433000e-04,2.57750e-02
1.0438000e-04,2.96290e-02
1.0443000e-04,3.60450e-02
1.0448000e-04,4.08250e-02
1.0453000e-04,4.52110e-02
1.0458000e-04,4.97340e-02
1.0463000e-04,5.45000e-02
1.0468000e-04,6.00890e-02
1.0473000e-04,6.38730e-02
1.0478000e-04,6.93170e-02
1.0483000e-04,7.27980e-02
1.0488000e-04,7.70760e-02
1.0493000e-04,8.39550e-02
1.0498000e-04,8.78590e-02
1.0503000e-04,9.13920e-02
1.0508000e-04,9.37970e-02
1.0513000e-04,9.64790e-02
1.0518000e-04,9.82210e-02
1.0523000e-04,1.00730e-01
1.0528000e-04,9.98370e-02
1.0533000e-04,1.01700e-01
1.0538000e-04,1.02300e-01
1.0543000e-04,1.03460e-01
1.0548000e-04,1.02540e-01
1.0553000e-04,1.02000e-01
1.0558000e-04,1.00720e-01
1.0563000e-04,9.89410e-02
1.0568000e-04,9.66010e-02
1.0573000e-04,9.51160e-02
1.0578000e-04,9.22640e-02
1.0583000e-04,8.87230e-02
1.0588000e-04,8.56380e-02
1.0593000e-04,8.11840e-02
1.0598000e-04,7.89590e-02
1.0603000e-04,7.56480e-02
1.0608000e-04,7.07860e-02
1.0613000e-04,6.12610e-02
1.0618000e-04,5.59760e-02
1.0623000e-04,5.15540e-02
1.0628000e-04,4.65020e-02
1.0633000e-04,4.11290e-02
1.0638000e-04,3.64010e-02
1.0643000e-04,3.11960e-02
1.0648000e-04,2.59440e-02
1.0653000e-04,2.27290e-02
1.0658000e-04,1.76280e-02
1.0663000e-04,1.35700e-02
1.0668000e-04,8.69350e-03
1.0673000e-04,5.67150e-03
1.0678000e-04,6.67880e-04
1.0683000e-04,-2.00640e-03
1.0688000e-04,-4.72360e-03
1.0693000e-04,-8.18950e-03
1.0698000e-04,-1.01080e-02
1.0703000e-04,-1.16580e-02
1.0708000e-04,-1.31970e-02
1.0713000e-04,-1.73400e-02
1.0718000e-04,-1.73400e-02
1.0723000e-04,-1.64750e-02
1.0728000e-04,-1.66100e-02
1.0733000e-04,-1.53220e-02
1.0738000e-04,-1.57460e-02
1.0743000e-04,-1.34500e-02
1.0748000e-04,-1.11210e-02
1.0753000e-04,-9.36250e-03
1.0758000e-04,-7.94960e-03
1.0763000e-04,-4.21020e-03
1.0768000e-04,-2.15670e-04
1.0773000e-04,8.36520e-04
1.0778000e-04,4.51770e-03
1.0783000e-04,1.03170e-02
1.0788000e-04,1.18900e-02
1.0793000e-04,1.65790e-02
1.0798000e-04,2.03180e-02
1.0803000e-04,2.44330e-02
1.0808000e-04,2.86790e-02
1.0813000e-04,3.32840e-02
1.0818000e-04,3.84740e-02
1.0823000e-04,4.05810e-02
1.0828000e-04,4.55560e-02
1.0833000e-04,5.03160e-02
1.0838000e-04,5.30700e-02
1.0843000e-04,5.74900e-02
1.0848000e-04,6.12390e-02
1.0853000e-04,6.74880e-02
1.0858000e-04,6.99960e-02
1.0863000e-04,7.35110e-02
1.0868000e-04,7.59830e-02
1.0873000e-04,7.68560e-02
1.0878000e-04,7.85320e-02
1.0883000e-04,8.08060e-02
1.0888000e-04,8.12760e-02
1.0893000e-04,8.12760e-02
1.0898000e-04,8.17340e-02
1.0903000e-04,8.24960e-02
1.0908000e-04,8.08990e-02
1.0913000e-04,8.05220e-02
1.0918000e-04,7.96330e-02
1.0923000e-04,7.57950e-02
1.0928000e-04,7.57950e-02
1.0933000e-04,7.33650e-02
1.0938000e-04,7.11400e-02
1.0943000e-04,6.77440e-02
1.0948000e-04,6.56270e-02
1.0953000e-04,6.30890e-02
1.0958000e-04,5.76440e-02
1.0963000e-04,5.34270e-02
1.0968000e-04,5.10310e-02
1.0973000e-04,4.16440e-02
1.0978000e-04,3.66230e-02
1.0983000e-04,3.18480e-02
1.0988000e-04,2.75110e-02
1.0993000e-04,2.22770e-02
1.0998000e-04,1.89250e-02
1.1003000e-04,1.37670e-02
1.1008000e-04,7.67400e-03
1.1013000e-04,2.80660e-03
1.1018000e-04,-1.86000e-03
1.1023000e-04,-5.58600e-03
1.1028000e-04,-1.10370e-02
1.1033000e-04,-1.50650e-02
1.1038000e-04,-1.95080e-02
1.1043000e-04,-2.26830e-02
1.1048000e-04,-2.71340e-02
1.1053000e-04,-2.96280e-02
1.1058000e-04,-3.23140e-02
1.1063000e-04,-3.72570e-02
1.1068000e-04,-3.94510e-02
1.1073000e-04,-4.17110e-02
1.1078000e-04,-4.35750e-02
1.1083000e-04,-4.51320e-02
1.1088000e-04,-4.74630e-02
1.1093000e-04,-4.86590e-02
1.1098000e-04,-4.81530e-02
1.1103000e-04,-4.86440e-02
1.1108000e-04,-4.86440e-02
1.1113000e-04,-4.69010e-02
1.1118000e-04,-4.62110e-02
1.1123000e-04,-4.34510e-02
1.1128000e-04,-4.27550e-02
1.1133000e-04,-3.90970e-02
1.1138000e-04,-3.73270e-02
1.1143000e-04,-3.42460e-02
1.1148000e-04,-3.10610e-02
1.1153000e-04,-2.69180e-02
1.1158000e-04,-2.33330e-02
1.1163000e-04,-1.92500e-02
1.1168000e-04,-1.53590e-02
1.1173000e-04,-1.13450e-02
1.1178000e-04,-6.14630e-03
1.1183000e-04,-2.70700e-03
1.1188000e-04,2.46830e-03
1.1193000e-04,7.00460e-03
1.1198000e-04,1.18950e-02
1.1203000e-04,1.77590e-02
1.1208000e-04,2.28930e-02
1.1213000e-04,3.20910e-02
1.1218000e-04,3.69090e-02
1.1223000e-04,4.27890e-02
1.1228000e-04,4.71700e-02
1.1233000e-04,4.95600e-02
1.1238000e-04,5.44940e-02
1.1243000e-04,5.82550e-02
1.1248000e-04,6.08400e-02
1.1253000e-04,6.43590e-02
1.1258000e-04,6.66020e-02
1.1263000e-04,7.00230e-02
1.1268000e-04,7.06390e-02
1.1273000e-04,7.45810e-02
1.1278000e-04,7.56540e-02
1.1283000e-04,7.72360e-02
1.1288000e-04,7.89590e-02
1.1293000e-04,7.89590e-02
1.1298000e-04,7.88470e-02
1.1303000e-04,7.88590e-02
1.1308000e-04,7.88590e-02
1.1313000e-04,7.69500e-02
1.1318000e-04,7.59050e-02
1.1323000e-04,7.39900e-02
1.1328000e-04,7.23900e-02
1.1333000e-04,6.92450e-02
1.1338000e-04,6.61600e-02
1.1343000e-04,6.26910e-02
1.1348000e-04,5.90630e-02
1.1353000e-04,5.82360e-02
1.1358000e-04,5.46370e-02
1.1363000e-04,5.14380e-02
1.1368000e-04,4.73370e-02
1.1373000e-04,4.48440e-02
1.1378000e-04,4.21420e-02
1.1383000e-04,3.88000e-02
1.1388000e-04,3.52720e-02
1.1393000e-04,3.15000e-02
1.1398000e-04,2.87330e-02
1.1403000e-04,2.72100e-02
1.1408000e-04,2.52290e-02
1.1413000e-04,2.12540e-02
1.1418000e-04,1.85860e-02
1.1423000e-04,1.78010e-02
1.1428000e-04,1.47580e-02
1.1433000e-04,1.47600e-02
1.1438000e-04,1.23350e-02
1.1443000e-04,1.02690e-02
1.1448000e-04,1.01990e-02
1.1453000e-04,9.62380e-03
1.1458000e-04,8.53110e-03
1.1463000e-04,1.00810e-02
1.1468000e-04,9.76200e-03
1.1473000e-04,9.76200e-03
1.1478000e-04,1.07670e-02
1.1483000e-04,1.22710e-02
1.1488000e-04,1.43070e-02
1.1493000e-04,1.59440e-02
1.1498000e-04,1.71070e-02
1.1503000e-04,1.89510e-02
1.1508000e-04,1.97730e-02
1.1513000e-04,2.21990e-02
1.1518000e-04,2.44160e-02
1.1523000e-04,2.81910e-02
1.1528000e-04,2.90780e-02
1.1533000e-04,3.21720e-02
1.1538000e-04,3.54630e-02
1.1543000e-04,3.77810e-02
1.1548000e-04,3.96020e-02
1.1553000e-04,4.35850e-02
1.1558000e-04,4.70030e-02
1.1563000e-04,4.81860e-02
1.1568000e-04,5.17630e-02
1.1573000e-04,5.71610e-02
1.1578000e-04,5.98380e-02
1.1583000e-04,6.28000e-02
1.1588000e-04,6.56470e-02
1.1593000e-04,6.85030e-02
1.1598000e-04,7.00090e-02
1.1603000e-04,7.30610e-02
1.1608000e-04,7.44300e-02
1.1613000e-04,7.62640e-02
1.1618000e-04,7.75120e-02
1.1623000e-04,7.94740e-02
1.1628000e-04,8.02650e-02
1.1633000e-04,8.10660e-02
1.1638000e-04,8.21530e-02
1.1643000e-04,8.29640e-02
1.1648000e-04,8.33090e-02
1.1653000e-04,8.31360e-02
1.1658000e-04,8.31360e-02
1.1663000e-04,8.31360e-02
1.1668000e-04,8.22220e-02
1.1673000e-04,8.22220e-02
1.1678000e-04,8.19570e-02
1.1683000e-04,7.92910e-02
1.1688000e-04,7.76970e-02
1.1693000e-04,7.42740e-02
1.1698000e-04,7.15550e-02
1.1703000e-04,6.91770e-02
1.1708000e-04,6.72620e-02
1.1713000e-04,6.43290e-02
1.1718000e-04,6.08250e-02
1.1723000e-04,5.75120e-02
1.1728000e-04,5.30560e-02
1.1733000e-04,5.01390e-02
1.1738000e-04,4.60820e-02
1.1743000e-04,4.25850e-02
1.1748000e-04,3.81420e-02
1.1753000e-04,3.47860e-02
1.1758000e-04,3.14750e-02
1.1763000e-04,2.76780e-02
1.1768000e-04,2.34500e-02
1.1773000e-04,2.03750e-02
1.1778000e-04,1.66670e-02
1.1783000e-04,1.37610e-02
1.1788000e-04,1.02780e-02
1.1793000e-04,6.98680e-03
1.1798000e-04,4.25150e-03
1.1803000e-04,2.07950e-03
1.1808000e-04,-6.51110e-04
1.1813000e-04,-4.55920e-03
1.1818000e-04,-7.46440e-03
1.1823000e-04,-7.35130e-03
1.1828000e-04,-6.82850e-03
1.1833000e-04,-8.48260e-03
1.1838000e-04,-9.05410e-03
1.1843000e-04,-6.72900e-03
1.1848000e-04,-6.06190e-03
1.1853000e-04,-4.36880e-03
1.1858000e-04,-4.36880e-03
1.1863000e-04,-1.64130e-03
1.1868000e-04,-1.19800e-03
1.1873000e-04,1.26500e-03
1.1878000e-04,4.77170e-03
1.1883000e-04,7.82850e-03
1.1888000e-04,1.03470e-02
1.1893000e-04,1.40700e-02
1.1898000e-04,1.71640e-02
1.1903000e-04,2.15640e-02
1.1908000e-04,2.60030e-02
1.1913000e-04,3.01150e-02
1.1918000e-04,3.31950e-02
1.1923000e-04,3.68770e-02
1.1928000e-04,4.20970e-02
1.1933000e-04,4.92220e-02
1.1938000e-04,5.27230e-02
1.1943000e-04,5.67240e-02
1.1948000e-04,5.89620e-02
1.1953000e-04,6.18840e-02
1.1958000e-04,6.44800e-02
1.1963000e-04,6.70250e-02
1.1968000e-04,6.87480e-02
1.1973000e-04,7.05530e-02
1.1978000e-04,7.18620e-02
1.1983000e-04,7.18620e-02
1.1988000e-04,7.33340e-02
1.1993000e-04,7.43110e-02
1.1998000e-04,7.29500e-02
1.2003000e-04,7.28500e-02
1.2008000e-04,7.24360e-02
1.2013000e-04,6.79260e-02
1.2018000e-04,6.79260e-02
1.2023000e-04,6.68970e-02
1.2028000e-04,6.36690e-02
1.2033000e-04,6.02790e-02
1.2038000e-04,5.70250e-02
1.2043000e-04,5.35780e-02
1.2048000e-04,5.06000e-02
1.2053000e-04,4.26250e-02
1.2058000e-04,3.76970e-02
1.2063000e-04,3.40880e-02
1.2068000e-04,2.95920e-02
1.2073000e-04,2.51170e-02
1.2078000e-04,2.05250e-02
1.2083000e-04,1.59840e-02
1.2088000e-04,1.18030e-02
1.2093000e-04,7.70480e-03
1.2098000e-04,4.35530e-03
1.2103000e-04,-5.67680e-04
1.2108000e-04,-4.00980e-03
1.2113000e-04,-4.97540e-03
1.2118000e-04,-8.46200e-03
1.2123000e-04,-1.02580e-02
1.2128000e-04,-1.31480e-02
1.2133000e-04,-1.43070e-02
1.2138000e-04,-1.60750e-02
1.2143000e-04,-1.60750e-02
1.2148000e-04,-1.65790e-02
1.2153000e-04,-1.65790e-02
1.2158000e-04,-1.48970e-02
1.2163000e-04,-1.50710e-02
1.2168000e-04,-1.33700e-02
1.2173000e-04,-8.43260e-03
1.2178000e-04,-6.09010e-03
1.2183000e-04,-2.76940e-03
1.2188000e-04,1.40510e-03
1.2193000e-04,5.76070e-03
1.2198000e-04,9.41180e-03
1.2203000e-04,1.49170e-02
1.2208000e-04,1.92630e-02
1.2213000e-04,2.54810e-02
1.2218000e-04,3.01800e-02
1.2223000e-04,3.57550e-02
1.2228000e-04,4.18040e-02
1.2233000e-04,4.64830e-02
1.2238000e-04,5.29610e-02
1.2243000e-04,5.99640e-02
1.2248000e-04,6.36660e-02
1.2253000e-04,7.05150e-02
1.2258000e-04,7.61700e-02
1.2263000e-04,7.99760e-02
1.2268000e-04,8.48070e-02
1.2273000e-04,9.04390e-02
1.2278000e-04,9.43490e-02
1.2283000e-04,9.74180e-02
1.2288000e-04,1.03360e-01
1.2293000e-04,1.06280e-01
1.2298000e-04,1.07850e-01
1.2303000e-04,1.07850e-01
1.2308000e-04,1.09760e-01
1.2313000e-04,1.09120e-01
1.2318000e-04,1.09180e-01
1.2323000e-04,1.08660e-01
1.2328000e-04,1.05890e-01
1.2333000e-04,1.05230e-01
1.2338000e-04,1.01730e-01
1.2343000e-04,9.79180e-02
1.2348000e-04,9.40590e-02
1.2353000e-04,9.15250e-02
1.2358000e-04,8.63450e-02
1.2363000e-04,8.19420e-02
1.2368000e-04,7.56310e-02
1.2373000e-04,6.95780e-02
1.2378000e-04,6.48010e-02
1.2383000e-04,5.84340e-02
1.2388000e-04,5.15630e-02
1.2393000e-04,4.53990e-02
1.2398000e-04,3.89070e-02
1.2403000e-04,3.25680e-02
1.2408000e-04,1.89950e-02
1.2413000e-04,1.27180e-02
1.2418000e-04,6.89850e-03
1.2423000e-04,9.81960e-04
1.2428000e-04,-4.45790e-03
1.2433000e-04,-9.10740e-03
1.2438000e-04,-1.49790e-02
1.2443000e-04,-1.92710e-02
1.2448000e-04,-2.36170e-02
1.2453000e-04,-2.49900e-02
1.2458000e-04,-2.91020e-02
1.2463000e-04,-3.23890e-02
1.2468000e-04,-3.42000e-02
1.2473000e-04,-3.40410e-02
1.2478000e-04,-3.56730e-02
1.2483000e-04,-3.60320e-02
1.2488000e-04,-3.60050e-02
1.2493000e-04,-3.60050e-02
1.2498000e-04,-3.39960e-02
1.2503000e-04,-3.11620e-02
1.2508000e-04,-2.97480e-02
1.2513000e-04,-2.69870e-02
1.2518000e-04,-2.35330e-02
1.2523000e-04,-1.92870e-02
1.2528000e-04,-1.48360e-02
1.2533000e-04,-4.74830e-03
1.2538000e-04,9.12150e-05
1.2543000e-04,5.94770e-03
1.2548000e-04,1.09650e-02
1.2553000e-04,1.77180e-02
1.2558000e-04,2.37330e-02
1.2563000e-04,2.87070e-02
1.2568000e-04,3.41820e-02
1.2573000e-04,4.05430e-02
1.2578000e-04,4.62070e-02
1.2583000e-04,5.19460e-02
1.2588000e-04,5.68120e-02
1.2593000e-04,6.13840e-02
1.2598000e-04,6.52320e-02
1.2603000e-04,7.04450e-02
1.2608000e-04,7.42420e-02
1.2613000e-04,7.74250e-02
1.2618000e-04,8.04040e-02
1.2623000e-04,8.22840e-02
1.2628000e-04,8.38630e-02
1.2633000e-04,8.56670e-02
1.2638000e-04,8.72770e-02
1.2643000e-04,8.73170e-02
1.2648000e-04,8.75030e-02
1.2653000e-04,8.64850e-02
1.2658000e-04,8.51050e-02
1.2663000e-04,8.41190e-02
1.2668000e-04,8.13340e-02
1.2673000e-04,7.84810e-02
1.2678000e-04,7.53390e-02
1.2683000e-04,7.20230e-02
1.2688000e-04,6.97380e-02
1.2693000e-04,6.56070e-02
1.2698000e-04,5.98710e-02
1.2703000e-04,5.73160e-02
1.2708000e-04,5.23290e-02
1.2713000e-04,4.77120e-02
1.2718000e-04,4.30040e-02
1.2723000e-04,3.93160e-02
1.2728000e-04,3.34650e-02
1.2733000e-04,3.00460e-02
1.2738000e-04,2.64470e-02
1.2743000e-04,2.12970e-02
1.2748000e-04,1.72510e-02
1.2753000e-04,1.31700e-02
1.2758000e-04,9.84360e-03
1.2763000e-04,5.18660e-03
1.2768000e-04,2.31370e-03
1.2773000e-04,-4.13570e-03
1.2778000e-04,-6.35540e-03
1.2783000e-04,-7.89300e-03
1.2788000e-04,-9.79490e-03
1.2793000e-04,-1.07760e-02
1.2798000e-04,-1.32570e-02
1.2803000e-04,-1.40500e-02
1.2808000e-04,-1.40500e-02
1.2813000e-04,-1.34150e-02
1.2818000e-04,-1.38500e-02
1.2823000e-04,-1.29140e-02
1.2828000e-04,-1.29000e-02
1.2833000e-04,-1.20200e-02
1.2838000e-04,-9.61360e-03
1.2843000e-04,-8.95390e-03
1.2848000e-04,-8.23940e-03
1.2853000e-04,-4.83310e-03
1.2858000e-04,-3.96330e-03
1.2863000e-04,-2.44720e-03
1.2868000e-04,1.69380e-03
1.2873000e-04,4.47050e-03
1.2878000e-04,5.72240e-03
1.2883000e-04,8.86340e-03
1.2888000e-04,1.28030e-02
1.2893000e-04,1.90830e-02
1.2898000e-04,2.10390e-02
1.2903000e-04,2.38410e-02
1.2908000e-04,2.66630e-02
1.2913000e-04,3.06150e-02
1.2918000e-04,3.25890e-02
1.2923000e-04,3.47880e-02
1.2928000e-04,3.80170e-02
1.2933000e-04,3.94410e-02
1.2938000e-04,4.23370e-02
1.2943000e-04,4.52750e-02
1.2948000e-04,4.56650e-02
1.2953000e-04,4.86020e-02
1.2958000e-04,4.82030e-02
1.2963000e-04,5.06320e-02
1.2968000e-04,5.26580e-02
1.2973000e-04,5.19770e-02
1.2978000e-04,5.32160e-02
1.2983000e-04,5.33550e-02
1.2988000e-04,5.28040e-02
1.2993000e-04,5.30310e-02
1.2998000e-04,5.30310e-02
1.3003000e-04,5.23260e-02
1.3008000e-04,5.10600e-02
1.3013000e-04,4.96380e-02
1.3018000e-04,4.76810e-02
1.3023000e-04,4.61220e-02
1.3028000e-04,4.42650e-02
1.3033000e-04,4.26220e-02
1.3038000e-04,3.95970e-02
1.3043000e-04,3.85700e-02
1.3048000e-04,3.50230e-02
1.3053000e-04,3.25410e-02
1.3058000e-04,3.00060e-02
1.3063000e-04,2.75230e-02
1.3068000e-04,2.49410e-02
1.3073000e-04,2.08970e-02
1.3078000e-04,1.83310e-02
1.3083000e-04,1.61770e-02
1.3088000e-04,1.08600e-02
1.3093000e-04,9.19480e-03
1.3098000e-04,7.25100e-03
1.3103000e-04,4.26010e-03
1.3108000e-04,1.26660e-03
1.3113000e-04,-6.55700e-04
1.3118000e-04,-2.52650e-03
1.3123000e-04,-6.06750e-03
1.3128000e-04,-1.02810e-02
1.3133000e-04,-1.20380e-02
1.3138000e-04,-1.39460e-02
1.3143000e-04,-1.46890e-02
1.3148000e-04,-1.64110e-02
1.3153000e-04,-1.81570e-02
1.3158000e-04,-1.84780e-02
1.3163000e-04,-1.99270e-02
1.3168000e-04,-2.21340e-02
1.3173000e-04,-2.02460e-02
1.3178000e-04,-2.01650e-02
1.3183000e-04,-2.22630e-02
1.3188000e-04,-2.10130e-02
1.3193000e-04,-1.95500e-02
1.3198000e-04,-1.96990e-02
1.3203000e-04,-1.78910e-02
1.3208000e-04,-1.68080e-02
1.3213000e-04,-1.66530e-02
1.3218000e-04,-1.60880e-02
1.3223000e-04,-1.40600e-02
1.3228000e-04,-1.28800e-02
1.3233000e-04,-1.23810e-02
1.3238000e-04,-1.08560e-02
1.3243000e-04,-8.91460e-03
1.3248000e-04,-5.75520e-03
1.3253000e-04,-3.32700e-03
1.3258000e-04,-3.16780e-03
1.3263000e-04,-2.88430e-03
1.3268000e-04,-3.32910e-04
1.3273000e-04,2.20770e-03
1.3278000e-04,2.69500e-03
1.3283000e-04,2.92060e-03
1.3288000e-04,4.92470e-03
1.3293000e-04,4.17500e-03
1.3298000e-04,4.32290e-03
1.3303000e-04,7.28380e-03
1.3308000e-04,6.58280e-03
1.3313000e-04,6.58280e-03
1.3318000e-04,5.35130e-03
1.3323000e-04,5.90250e-03
1.3328000e-04,4.98900e-03
1.3333000e-04,5.18030e-03
1.3338000e-04,4.67870e-03
1.3343000e-04,4.16300e-03
1.3348000e-04,1.34210e-03
1.3353000e-04,1.34210e-03
1.3358000e-04,1.48640e-03
1.3363000e-04,-1.72150e-04
1.3368000e-04,-1.56310e-03
1.3373000e-04,-3.18860e-03
1.3378000e-04,-3.80300e-03
1.3383000e-04,-4.40420e-03
1.3388000e-04,-6.37300e-03
1.3393000e-04,-7.20220e-03
1.3398000e-04,-8.09250e-03
1.3403000e-04,-8.22960e-03
1.3408000e-04,-9.05080e-03
1.3413000e-04,-9.23060e-03
1.3418000e-04,-1.02460e-02
1.3423000e-04,-1.05940e-02
1.3428000e-04,-1.01050e-02
1.3433000e-04,-9.76380e-03
1.3438000e-04,-9.76380e-03
1.3443000e-04,-8.55770e-03
1.3448000e-04,-8.55770e-03
1.3453000e-04,-8.55770e-03
1.3458000e-04,-7.82410e-03
1.3463000e-04,-7.15380e-03
1.3468000e-04,-5.49310e-03
1.3473000e-04,-4.70490e-03
1.3478000e-04,-2.92940e-03
1.3483000e-04,-9.94800e-04
1.3488000e-04,2.65520e-03
1.3493000e-04,4.43670e-03
1.3498000e-04,5.92020e-03
1.3503000e-04,7.81310e-03
1.3508000e-04,9.83970e-03
1.3513000e-04,1.19320e-02
1.3518000e-04,1.24490e-02
1.3523000e-04,1.55540e-02
1.3528000e-04,1.71730e-02
1.3533000e-04,1.90500e-02
1.3538000e-04,2.09850e-02
1.3543000e-04,2.27350e-02
1.3548000e-04,2.33020e-02
1.3553000e-04,2.33020e-02
1.3558000e-04,2.63890e-02
1.3563000e-04,2.79090e-02
1.3568000e-04,2.83050e-02
1.3573000e-04,2.91490e-02
1.3578000e-04,2.91610e-02
1.3583000e-04,2.99610e-02
1.3588000e-04,3.12900e-02
1.3593000e-04,3.12900e-02
1.3598000e-04,3.02680e-02
1.3603000e-04,3.09100e-02
1.3608000e-04,3.05630e-02
1.3613000e-04,3.05630e-02
1.3618000e-04,2.90060e-02
1.3623000e-04,2.82000e-02
1.3628000e-04,2.85070e-02
1.3633000e-04,2.77040e-02
1.3638000e-04,2.68350e-02
1.3643000e-04,2.63770e-02
1.3648000e-04,2.40630e-02
1.3653000e-04,2.49230e-02
1.3658000e-04,2.28360e-02
1.3663000e-04,2.22190e-02
1.3668000e-04,2.09290e-02
1.3673000e-04,1.91620e-02
1.3678000e-04,1.88660e-02
1.3683000e-04,1.73460e-02
1.3688000e-04,1.56560e-02
1.3693000e-04,1.57770e-02
1.3698000e-04,1.46080e-02
1.3703000e-04,1.31200e-02
1.3708000e-04,1.23870e-02
1.3713000e-04,1.19290e-02
1.3718000e-04,1.00150e-02
1.3723000e-04,1.00150e-02
1.3728000e-04,9.76280e-03
1.3733000e-04,7.57450e-03
1.3738000e-04,7.57450e-03
1.3743000e-04,7.45650e-03
1.3748000e-04,6.99680e-03
1.3753000e-04,8.26490e-03
1.3758000e-04,6.12160e-03
1.3763000e-04,6.38670e-03
1.3768000e-04,6.94830e-03
1.3773000e-04,8.75550e-03
1.3778000e-04,5.96830e-03
1.3783000e-04,5.70430e-03
1.3788000e-04,8.07350e-03
1.3793000e-04,8.34760e-03
1.3798000e-04,7.96760e-03
1.3803000e-04,1.06360e-02
1.3808000e-04,9.35660e-03
1.3813000e-04,1.00920e-02
1.3818000e-04,1.23010e-02
1.3823000e-04,1.23010e-02
1.3828000e-04,1.28250e-02
1.3833000e-04,1.28250e-02
1.3838000e-04,1.34260e-02
1.3843000e-04,1.35420e-02
1.3848000e-04,1.55920e-02
1.3853000e-04,1.69330e-02
1.3858000e-04,1.53130e-02
1.3863000e-04,1.53570e-02
1.3868000e-04,1.72420e-02
1.3873000e-04,1.83830e-02
1.3878000e-04,1.83830e-02
1.3883000e-04,1.80470e-02
1.3888000e-04,1.80470e-02
1.3893000e-04,1.86400e-02
1.3898000e-04,1.81650e-02
1.3903000e-04,1.92300e-02
1.3908000e-04,1.82250e-02
1.3913000e-04,1.82770e-02
1.3918000e-04,1.77220e-02
1.3923000e-04,1.87170e-02
1.3928000e-04,1.87170e-02
1.3933000e-04,1.76240e-02
1.3938000e-04,1.80310e-02
1.3943000e-04,1.70940e-02
1.3948000e-04,1.70940e-02
1.3953000e-04,1.77610e-02
1.3958000e-04,1.75990e-02
1.3963000e-04,1.64660e-02
1.3968000e-04,1.83640e-02
1.3973000e-04,1.73890e-02
1.3978000e-04,1.65450e-02
1.3983000e-04,1.79900e-02
1.3988000e-04,1.73660e-02
1.3993000e-04,1.73080e-02
1.3998000e-04,1.73080e-02
1.4003000e-04,1.77090e-02
1.4008000e-04,1.72670e-02
1.4013000e-04,1.76400e-02
1.4018000e-04,1.70260e-02
1.4023000e-04,1.80720e-02
1.4028000e-04,1.78890e-02
1.4033000e-04,1.77920e-02
1.4038000e-04,1.65180e-02
1.4043000e-04,1.82770e-02
1.4048000e-04,1.83290e-02
1.4053000e-04,1.79180e-02
1.4058000e-04,1.85910e-02
1.4063000e-04,1.78180e-02
1.4068000e-04,1.78090e-02
1.4073000e-04,1.89620e-02
1.4078000e-04,1.89620e-02
1.4083000e-04,1.79990e-02
1.4088000e-04,1.73340e-02
1.4093000e-04,1.67310e-02
1.4098000e-04,1.59370e-02
1.4103000e-04,1.65770e-02
1.4108000e-04,1.65770e-02
1.4113000e-04,1.26170e-02
1.4118000e-04,1.26170e-02
1.4123000e-04,1.20770e-02
1.4128000e-04,1.07910e-02
1.4133000e-04,9.30170e-03
1.4138000e-04,7.06660e-03
1.4143000e-04,7.22420e-03
1.4148000e-04,7.22420e-03
1.4153000e-04,3.47800e-03
1.4158000e-04,1.41390e-03
1.4163000e-04,-2.65780e-05
1.4168000e-04,-2.92590e-03
1.4173000e-04,-4.24580e-03
1.4178000e-04,-6.16000e-03
1.4183000e-04,-8.74900e-03
1.4188000e-04,-9.85110e-03
1.4193000e-04,-1.32750e-02
1.4198000e-04,-1.63010e-02
1.4203000e-04,-1.80450e-02
1.4208000e-04,-1.94890e-02
1.4213000e-04,-2.40600e-02
1.4218000e-04,-2.58710e-02
1.4223000e-04,-2.81840e-02
1.4228000e-04,-2.97470e-02
1.4233000e-04,-3.22140e-02
1.4238000e-04,-3.39210e-02
1.4243000e-04,-3.47210e-02
1.4248000e-04,-3.71850e-02
1.4253000e-04,-3.73440e-02
1.4258000e-04,-3.84720e-02
1.4263000e-04,-3.84720e-02
1.4268000e-04,-3.94370e-02
1.4273000e-04,-3.89630e-02
1.4278000e-04,-3.94550e-02
1.4283000e-04,-3.94550e-02
1.4288000e-04,-3.73240e-02
1.4293000e-04,-3.73240e-02
1.4298000e-04,-3.52350e-02
1.4303000e-04,-3.39110e-02
1.4308000e-04,-3.24920e-02
1.4313000e-04,-2.98290e-02
1.4318000e-04,-2.76900e-02
1.4323000e-04,-2.54970e-02
1.4328000e-04,-2.29200e-02
1.4333000e-04,-1.64580e-02
1.4338000e-04,-1.38720e-02
1.4343000e-04,-9.48980e-03
1.4348000e-04,-5.82310e-03
1.4353000e-04,-3.23380e-03
1.4358000e-04,1.03570e-03
1.4363000e-04,3.96050e-03
1.4368000e-04,7.15020e-03
1.4373000e-04,1.03820e-02
1.4378000e-04,1.19510e-02
1.4383000e-04,1.81150e-02
1.4388000e-04,2.08500e-02
1.4393000e-04,2.38280e-02
1.4398000e-04,2.52420e-02
1.4403000e-04,2.95520e-02
1.4408000e-04,3.24150e-02
1.4413000e-04,3.45620e-02
1.4418000e-04,3.73010e-02
1.4423000e-04,3.86100e-02
1.4428000e-04,4.03380e-02
1.4433000e-04,4.22020e-02
1.4438000e-04,4.38770e-02
1.4443000e-04,4.48950e-02
1.4448000e-04,4.39690e-02
1.4453000e-04,4.39690e-02
1.4458000e-04,4.31860e-02
1.4463000e-04,4.31860e-02
1.4468000e-04,4.13330e-02
1.4473000e-04,4.01760e-02
1.4478000e-04,3.75370e-02
1.4483000e-04,3.63620e-02
1.4488000e-04,3.46310e-02
1.4493000e-04,3.19310e-02
1.4498000e-04,2.76750e-02
1.4503000e-04,2.51900e-02
1.4508000e-04,2.17980e-02
1.4513000e-04,1.93710e-02
1.4518000e-04,1.71410e-02
1.4523000e-04,1.11610e-02
1.4528000e-04,7.56540e-03
1.4533000e-04,5.40370e-03
1.4538000e-04,1.09680e-03
1.4543000e-04,-2.57390e-03
1.4548000e-04,-6.71120e-03
1.4553000e-04,-1.03840e-02
1.4558000e-04,-1.48050e-02
1.4563000e-04,-1.73560e-02
1.4568000e-04,-2.04960e-02
1.4573000e-04,-2.72590e-02
1.4578000e-04,-3.08290e-02
1.4583000e-04,-3.46510e-02
1.4588000e-04,-3.64180e-02
1.4593000e-04,-3.80810e-02
1.4598000e-04,-4.22380e-02
1.4603000e-04,-4.40360e-02
1.4608000e-04,-4.49210e-02
1.4613000e-04,-4.49210e-02
1.4618000e-04,-4.82580e-02
1.4623000e-04,-4.91620e-02
1.4628000e-04,-4.98480e-02
1.4633000e-04,-5.10540e-02
1.4638000e-04,-5.17520e-02
1.4643000e-04,-5.07960e-02
1.4648000e-04,-5.10200e-02
1.4653000e-04,-5.22410e-02
1.4658000e-04,-5.23240e-02
1.4663000e-04,-5.06420e-02
1.4668000e-04,-5.01650e-02
1.4673000e-04,-4.92770e-02
1.4678000e-04,-4.78460e-02
1.4683000e-04,-4.73580e-02
1.4688000e-04,-4.57870e-02
1.4693000e-04,-4.05880e-02
1.4698000e-04,-4.06960e-02
1.4703000e-04,-3.87740e-02
1.4708000e-04,-3.64180e-02
1.4713000e-04,-3.44300e-02
1.4718000e-04,-3.17910e-02
1.4723000e-04,-3.07120e-02
1.4728000e-04,-2.89100e-02
1.4733000e-04,-2.62990e-02
1.4738000e-04,-2.49110e-02
1.4743000e-04,-2.19400e-02
1.4748000e-04,-2.08700e-02
1.4753000e-04,-1.93570e-02
1.4758000e-04,-1.80620e-02
1.4763000e-04,-1.54990e-02
1.4768000e-04,-1.42100e-02
1.4773000e-04,-1.32150e-02
1.4778000e-04,-1.10230e-02
1.4783000e-04,-1.10230e-02
1.4788000e-04,-1.04230e-02
1.4793000e-04,-9.90940e-03
1.4798000e-04,-8.06550e-03
1.4803000e-04,-8.06550e-03
1.4808000e-04,-8.03720e-03
1.4813000e-04,-8.03720e-03
1.4818000e-04,-8.25800e-03
1.4823000e-04,-7.86710e-03
1.4828000e-04,-9.30890e-03
1.4833000e-04,-9.59410e-03
1.4838000e-04,-1.02940e-02
1.4843000e-04,-1.07170e-02
1.4848000e-04,-1.24980e-02
1.4853000e-04,-1.39870e-02
1.4858000e-04,-1.53500e-02
1.4863000e-04,-1.48380e-02
1.4868000e-04,-1.73600e-02
1.4873000e-04,-1.90800e-02
1.4878000e-04,-1.95570e-02
1.4883000e-04,-2.18660e-02
1.4888000e-04,-2.25690e-02
1.4893000e-04,-2.39900e-02
1.4898000e-04,-2.55390e-02
1.4903000e-04,-2.59120e-02
1.4908000e-04,-2.72680e-02
1.4913000e-04,-2.78590e-02
1.4918000e-04,-2.96840e-02
1.4923000e-04,-3.13460e-02
1.4928000e-04,-3.14370e-02
1.4933000e-04,-3.34570e-02
1.4938000e-04,-3.42020e-02
1.4943000e-04,-3.45770e-02
1.4948000e-04,-3.62810e-02
1.4953000e-04,-3.56110e-02
1.4958000e-04,-3.56110e-02
1.4963000e-04,-3.51210e-02
1.4968000e-04,-3.62880e-02
1.4973000e-04,-3.43700e-02
1.4978000e-04,-3.57030e-02
1.4983000e-04,-3.39670e-02
1.4988000e-04,-3.39730e-02
1.4993000e-04,-3.39730e-02
1.4998000e-04,-3.39730e-02
