3.0000000e-08,7.61980e-03
8.0000000e-08,6.86490e-03
1.3000000e-07,8.59110e-03
1.8000000e-07,1.03890e-02
2.3000000e-07,1.10180e-02
2.8000000e-07,1.05470e-02
3.3000000e-07,1.20750e-02
3.8000000e-07,1.18130e-02
4.3000000e-07,1.18130e-02
4.8000000e-07,1.25710e-02
5.3000000e-07,1.23830e-02
5.8000000e-07,1.23840e-02
6.3000000e-07,1.18930e-02
6.8000000e-07,1.22720e-02
7.3000000e-07,1.16720e-02
7.8000000e-07,1.05820e-02
8.3000000e-07,9.25800e-03
8.8000000e-07,9.25800e-03
9.3000000e-07,8.50130e-03
9.8000000e-07,8.58750e-03
1.0300000e-06,7.95780e-03
1.0800000e-06,7.19140e-03
1.1300000e-06,5.82100e-03
1.1800000e-06,5.48840e-03
1.2300000e-06,3.94490e-03
1.2800000e-06,4.88500e-03
1.3300000e-06,3.40150e-03
1.3800000e-06,2.66250e-03
1.4300000e-06,1.01330e-03
1.4800000e-06,1.86900e-03
1.5300000e-06,-2.11680e-04
1.5800000e-06,-1.59420e-03
1.6300000e-06,-2.62120e-03
1.6800000e-06,-2.87660e-03
1.7300000e-06,-4.58620e-03
1.7800000e-06,-4.94340e-03
1.8300000e-06,-4.84960e-03
1.8800000e-06,-5.75570e-03
1.9300000e-06,-4.86280e-03
1.9800000e-06,-4.86280e-03
2.0300000e-06,-6.51660e-03
2.0800000e-06,-5.66310e-03
2.1300000e-06,-3.49250e-03
2.1800000e-06,-6.07830e-03
2.2300000e-06,-5.44750e-03
2.2800000e-06,-5.89480e-03
2.3300000e-06,-1.37840e-03
2.3800000e-06,-2.53950e-03
2.4300000e-06,-1.98190e-03
2.4800000e-06,-7.35380e-04
2.5300000e-06,-2.64980e-05
2.5800000e-06,2.98940e-04
2.6300000e-06,2.60720e-03
2.6800000e-06,3.26160e-03
2.7300000e-06,5.22120e-03
2.7800000e-06,4.08170e-03
2.8300000e-06,6.24470e-03
2.8800000e-06,9.17590e-03
2.9300000e-06,1.07380e-02
2.9800000e-06,1.37110e-02
3.0300000e-06,1.37800e-02
3.0800000e-06,1.59030e-02
3.1300000e-06,1.70890e-02
3.1800000e-06,1.68510e-02
3.2300000e-06,1.93870e-02
3.2800000e-06,1.95110e-02
3.3300000e-06,2.09620e-02
3.3800000e-06,2.19310e-02
3.4300000e-06,2.19310e-02
3.4800000e-06,2.09680e-02
3.5300000e-06,2.29040e-02
3.5800000e-06,2.32900e-02
3.6300000e-06,2.39790e-02
3.6800000e-06,2.37460e-02
3.7300000e-06,2.23050e-02
3.7800000e-06,2.22820e-02
3.8300000e-06,2.17750e-02
3.8800000e-06,2.22350e-02
3.9300000e-06,2.11550e-02
3.9800000e-06,2.01110e-02
4.0300000e-06,1.90140e-02
4.0800000e-06,1.80380e-02
4.1300000e-06,1.73820e-02
4.1800000e-06,1.45520e-02
4.2300000e-06,1.48440e-02
4.2800000e-06,1.18880e-02
4.3300000e-06,1.18880e-02
4.3800000e-06,9.83610e-03
4.4300000e-06,9.28150e-03
4.4800000e-06,7.07470e-03
4.5300000e-06,5.99160e-03
4.5800000e-06,4.54010e-03
4.6300000e-06,3.42240e-03
4.6800000e-06,1.07300e-03
4.7300000e-06,-8.18660e-04
4.7800000e-06,-2.56610e-03
4.8300000e-06,-1.70070e-03
4.8800000e-06,-4.26860e-03
4.9300000e-06,-4.82800e-03
4.9800000e-06,-5.46650e-03
5.0300000e-06,-6.34690e-03
5.0800000e-06,-8.72160e-03
5.1300000e-06,-7.50870e-03
5.1800000e-06,-8.35390e-03
5.2300000e-06,-1.01860e-02
5.2800000e-06,-9.21840e-03
5.3300000e-06,-8.83140e-03
5.3800000e-06,-8.14820e-03
5.4300000e-06,-1.07640e-02
5.4800000e-06,-8.55300e-03
5.5300000e-06,-7.41250e-03
5.5800000e-06,-7.45220e-03
5.6300000e-06,-6.78600e-03
5.6800000e-06,-5.45540e-03
5.7300000e-06,-5.24230e-03
5.7800000e-06,-3.07010e-03
5.8300000e-06,-3.07010e-03
5.8800000e-06,5.34050e-04
5.9300000e-06,1.28740e-03
5.9800000e-06,3.21580e-03
6.0300000e-06,3.91640e-03
6.0800000e-06,5.58720e-03
6.1300000e-06,5.58720e-03
6.1800000e-06,8.54170e-03
6.2300000e-06,8.55960e-03
6.2800000e-06,9.83680e-03
6.3300000e-06,1.02570e-02
6.3800000e-06,1.31040e-02
6.4300000e-06,1.36870e-02
6.4800000e-06,1.58210e-02
6.5300000e-06,1.78260e-02
6.5800000e-06,1.88760e-02
6.6300000e-06,1.98090e-02
6.6800000e-06,2.06500e-02
6.7300000e-06,2.17530e-02
6.7800000e-06,2.17400e-02
6.8300000e-06,2.14090e-02
6.8800000e-06,2.27780e-02
6.9300000e-06,2.29160e-02
6.9800000e-06,2.16830e-02
7.0300000e-06,2.17360e-02
7.0800000e-06,2.09860e-02
7.1300000e-06,2.23520e-02
7.1800000e-06,2.01090e-02
7.2300000e-06,2.13040e-02
7.2800000e-06,1.79060e-02
7.3300000e-06,1.83430e-02
7.3800000e-06,1.64290e-02
7.4300000e-06,1.65480e-02
7.4800000e-06,1.67900e-02
7.5300000e-06,1.51830e-02
7.5800000e-06,1.32150e-02
7.6300000e-06,1.20940e-02
7.6800000e-06,1.14470e-02
7.7300000e-06,8.09190e-03
7.7800000e-06,7.01650e-03
7.8300000e-06,4.79100e-03
7.8800000e-06,3.30830e-03
7.9300000e-06,2.77570e-03
7.9800000e-06,1.11250e-03
8.0300000e-06,-1.61000e-04
8.0800000e-06,-1.47350e-03
8.1300000e-06,-3.56640e-03
8.1800000e-06,-3.96600e-03
8.2300000e-06,-5.68740e-03
8.2800000e-06,-7.91560e-03
8.3300000e-06,-7.58860e-03
8.3800000e-06,-7.93980e-03
8.4300000e-06,-9.37270e-03
8.4800000e-06,-1.06550e-02
8.5300000e-06,-1.10600e-02
8.5800000e-06,-1.06860e-02
8.6300000e-06,-1.02250e-02
8.6800000e-06,-1.13050e-02
8.7300000e-06,-1.09080e-02
8.7800000e-06,-9.09720e-03
8.8300000e-06,-1.03670e-02
8.8800000e-06,-6.40190e-03
8.9300000e-06,-8.07130e-03
8.9800000e-06,-8.65600e-03
9.0300000e-06,-5.50670e-03
9.0800000e-06,-3.87190e-03
9.1300000e-06,-2.15670e-03
9.1800000e-06,-3.82130e-03
9.2300000e-06,-7.06920e-04
9.2800000e-06,-7.09100e-04
9.3300000e-06,2.71690e-03
9.3800000e-06,1.71370e-03
9.4300000e-06,5.50910e-03
9.4800000e-06,4.72710e-03
9.5300000e-06,6.17580e-03
9.5800000e-06,8.46260e-03
9.6300000e-06,1.19360e-02
9.6800000e-06,1.34760e-02
9.7300000e-06,1.34760e-02
9.7800000e-06,1.47760e-02
9.8300000e-06,1.47760e-02
9.8800000e-06,1.71640e-02
9.9300000e-06,1.80810e-02
9.9800000e-06,1.77830e-02
1.0030000e-05,1.86320e-02
1.0080000e-05,2.01550e-02
1.0130000e-05,2.07760e-02
1.0180000e-05,2.16090e-02
1.0230000e-05,2.18990e-02
1.0280000e-05,2.13530e-02
1.0330000e-05,2.31660e-02
1.0380000e-05,2.20850e-02
1.0430000e-05,2.30040e-02
1.0480000e-05,2.24980e-02
1.0530000e-05,2.14490e-02
1.0580000e-05,2.14270e-02
1.0630000e-05,2.06480e-02
1.0680000e-05,2.08090e-02
1.0730000e-05,1.91460e-02
1.0780000e-05,1.71790e-02
1.0830000e-05,1.62970e-02
1.0880000e-05,1.59490e-02
1.0930000e-05,1.47370e-02
1.0980000e-05,1.29410e-02
1.1030000e-05,1.06470e-02
1.1080000e-05,8.86280e-03
1.1130000e-05,8.26340e-03
1.1180000e-05,7.69660e-03
1.1230000e-05,3.91650e-03
1.1280000e-05,5.04050e-03
1.1330000e-05,6.30630e-04
1.1380000e-05,-2.07900e-03
1.1430000e-05,-9.67790e-04
1.1480000e-05,-2.87800e-03
1.1530000e-05,-5.16570e-03
1.1580000e-05,-8.05730e-03
1.1630000e-05,-6.52600e-03
1.1680000e-05,-7.87110e-03
1.1730000e-05,-6.83320e-03
1.1780000e-05,-8.93570e-03
1.1830000e-05,-9.81710e-03
1.1880000e-05,-9.70810e-03
1.1930000e-05,-8.64020e-03
1.1980000e-05,-9.89840e-03
1.2030000e-05,-8.89480e-03
1.2080000e-05,-1.00530e-02
1.2130000e-05,-8.29050e-03
1.2180000e-05,-8.74070e-03
1.2230000e-05,-5.92530e-03
1.2280000e-05,-6.70240e-03
1.2330000e-05,-6.21760e-03
1.2380000e-05,-6.44870e-03
1.2430000e-05,-3.97590e-03
1.2480000e-05,-1.96440e-03
1.2530000e-05,-7.70890e-04
1.2580000e-05,-9.97950e-05
1.2630000e-05,-6.68990e-06
1.2680000e-05,6.87890e-03
1.2730000e-05,5.79200e-03
1.2780000e-05,6.09230e-03
1.2830000e-05,6.90150e-03
1.2880000e-05,9.70850e-03
1.2930000e-05,1.17800e-02
1.2980000e-05,1.17820e-02
1.3030000e-05,1.22720e-02
1.3080000e-05,1.42680e-02
1.3130000e-05,1.53630e-02
1.3180000e-05,1.50290e-02
1.3230000e-05,1.73490e-02
1.3280000e-05,1.86480e-02
1.3330000e-05,1.97530e-02
1.3380000e-05,1.82090e-02
1.3430000e-05,1.82090e-02
1.3480000e-05,2.16940e-02
1.3530000e-05,2.16940e-02
1.3580000e-05,2.27730e-02
1.3630000e-05,2.23590e-02
1.3680000e-05,2.32200e-02
1.3730000e-05,2.37770e-02
1.3780000e-05,2.37460e-02
1.3830000e-05,2.32390e-02
1.3880000e-05,2.29010e-02
1.3930000e-05,2.21610e-02
1.3980000e-05,2.17420e-02
1.4030000e-05,2.30810e-02
1.4080000e-05,2.07430e-02
1.4130000e-05,2.25710e-02
1.4180000e-05,2.01690e-02
1.4230000e-05,2.00170e-02
1.4280000e-05,1.73000e-02
1.4330000e-05,1.68190e-02
1.4380000e-05,1.45450e-02
1.4430000e-05,1.41320e-02
1.4480000e-05,1.27050e-02
1.4530000e-05,1.14600e-02
1.4580000e-05,9.11080e-03
1.4630000e-05,5.66070e-03
1.4680000e-05,5.66070e-03
1.4730000e-05,4.70900e-03
1.4780000e-05,2.92580e-03
1.4830000e-05,1.09590e-03
1.4880000e-05,3.65180e-04
1.4930000e-05,-2.81710e-03
1.4980000e-05,-3.42560e-03
1.5030000e-05,-6.85480e-03
1.5080000e-05,-6.42850e-03
1.5130000e-05,-6.89420e-03
1.5180000e-05,-8.27570e-03
1.5230000e-05,-9.84720e-03
1.5280000e-05,-9.06890e-03
1.5330000e-05,-9.30140e-03
1.5380000e-05,-8.71000e-03
1.5430000e-05,-8.92490e-03
1.5480000e-05,-9.32450e-03
1.5530000e-05,-8.03520e-03
1.5580000e-05,-6.07120e-03
1.5630000e-05,-6.30690e-03
1.5680000e-05,-6.33240e-03
1.5730000e-05,-2.93040e-03
1.5780000e-05,-2.93040e-03
1.5830000e-05,-3.30330e-03
1.5880000e-05,-2.02920e-03
1.5930000e-05,-2.39590e-03
1.5980000e-05,3.22990e-06
1.6030000e-05,1.57860e-03
1.6080000e-05,5.49870e-03
1.6130000e-05,7.33990e-03
1.6180000e-05,7.68350e-03
1.6230000e-05,9.68890e-03
1.6280000e-05,1.14540e-02
1.6330000e-05,1.47080e-02
1.6380000e-05,1.40660e-02
1.6430000e-05,1.68960e-02
1.6480000e-05,1.54000e-02
1.6530000e-05,1.84910e-02
1.6580000e-05,1.83060e-02
1.6630000e-05,1.96980e-02
1.6680000e-05,2.15730e-02
1.6730000e-05,2.12530e-02
1.6780000e-05,2.00830e-02
1.6830000e-05,2.02140e-02
1.6880000e-05,2.19860e-02
1.6930000e-05,2.09120e-02
1.6980000e-05,1.97110e-02
1.7030000e-05,1.95090e-02
1.7080000e-05,2.11740e-02
1.7130000e-05,2.14160e-02
1.7180000e-05,2.17860e-02
1.7230000e-05,2.10980e-02
1.7280000e-05,2.09630e-02
1.7330000e-05,2.14930e-02
1.7380000e-05,2.14600e-02
1.7430000e-05,2.14600e-02
1.7480000e-05,2.24080e-02
1.7530000e-05,2.12380e-02
1.7580000e-05,1.99360e-02
1.7630000e-05,2.02780e-02
1.7680000e-05,1.93250e-02
1.7730000e-05,1.86820e-02
1.7780000e-05,1.86620e-02
1.7830000e-05,1.80660e-02
1.7880000e-05,1.73560e-02
1.7930000e-05,1.51840e-02
1.7980000e-05,1.53110e-02
1.8030000e-05,1.31470e-02
1.8080000e-05,1.18290e-02
1.8130000e-05,9.98330e-03
1.8180000e-05,9.84140e-03
1.8230000e-05,6.47620e-03
1.8280000e-05,4.79050e-03
1.8330000e-05,1.88120e-03
1.8380000e-05,-2.10130e-04
1.8430000e-05,-4.21060e-03
1.8480000e-05,-6.62400e-03
1.8530000e-05,-1.52710e-02
1.8580000e-05,-2.00010e-02
1.8630000e-05,-2.32210e-02
1.8680000e-05,-2.85340e-02
1.8730000e-05,-3.32050e-02
1.8780000e-05,-3.73430e-02
1.8830000e-05,-4.36020e-02
1.8880000e-05,-4.99030e-02
1.8930000e-05,-5.35350e-02
1.8980000e-05,-5.97470e-02
1.9030000e-05,-6.54790e-02
1.9080000e-05,-7.11870e-02
1.9130000e-05,-7.54190e-02
1.9180000e-05,-8.11870e-02
1.9230000e-05,-8.67230e-02
1.9280000e-05,-9.14980e-02
1.9330000e-05,-9.53160e-02
1.9380000e-05,-1.00260e-01
1.9430000e-05,-1.03940e-01
1.9480000e-05,-1.09150e-01
1.9530000e-05,-1.11310e-01
1.9580000e-05,-1.15930e-01
1.9630000e-05,-1.19600e-01
1.9680000e-05,-1.22820e-01
1.9730000e-05,-1.22820e-01
1.9780000e-05,-1.26530e-01
1.9830000e-05,-1.27940e-01
1.9880000e-05,-1.27940e-01
1.9930000e-05,-1.27170e-01
1.9980000e-05,-1.27170e-01
2.0030000e-05,-1.24500e-01
2.0080000e-05,-1.23340e-01
2.0130000e-05,-1.21480e-01
2.0180000e-05,-1.18320e-01
2.0230000e-05,-1.18320e-01
2.0280000e-05,-1.10980e-01
2.0330000e-05,-1.08010e-01
2.0380000e-05,-1.04670e-01
2.0430000e-05,-9.86670e-02
2.0480000e-05,-9.42020e-02
2.0530000e-05,-9.00770e-02
2.0580000e-05,-8.61370e-02
2.0630000e-05,-8.01950e-02
2.0680000e-05,-7.39320e-02
2.0730000e-05,-6.83730e-02
2.0780000e-05,-6.28890e-02
2.0830000e-05,-5.67030e-02
2.0880000e-05,-5.06670e-02
2.0930000e-05,-4.26460e-02
2.0980000e-05,-3.76980e-02
2.1030000e-05,-3.12050e-02
2.1080000e-05,-2.88440e-02
2.1130000e-05,-2.39250e-02
2.1180000e-05,-1.83700e-02
2.1230000e-05,-1.45320e-02
2.1280000e-05,-1.18660e-02
2.1330000e-05,-6.85400e-03
2.1380000e-05,-6.32280e-03
2.1430000e-05,-1.30260e-03
2.1480000e-05,-1.71410e-03
2.1530000e-05,2.53790e-03
2.1580000e-05,3.54720e-03
2.1630000e-05,6.29500e-03
2.1680000e-05,6.71460e-03
2.1730000e-05,9.39500e-03
2.1780000e-05,9.39500e-03
2.1830000e-05,1.16930e-02
2.1880000e-05,1.40150e-02
2.1930000e-05,1.44630e-02
2.1980000e-05,1.49420e-02
2.2030000e-05,1.63320e-02
2.2080000e-05,2.20080e-02
2.2130000e-05,2.28710e-02
2.2180000e-05,2.31300e-02
2.2230000e-05,2.64790e-02
2.2280000e-05,2.75860e-02
2.2330000e-05,2.86920e-02
2.2380000e-05,2.95560e-02
2.2430000e-05,3.28080e-02
2.2480000e-05,3.29090e-02
2.2530000e-05,3.31290e-02
2.2580000e-05,3.27320e-02
2.2630000e-05,3.64770e-02
2.2680000e-05,3.26670e-02
2.2730000e-05,3.19270e-02
2.2780000e-05,3.13880e-02
2.2830000e-05,3.27710e-02
2.2880000e-05,3.26970e-02
2.2930000e-05,2.98520e-02
2.2980000e-05,2.74180e-02
2.3030000e-05,2.67140e-02
2.3080000e-05,2.49850e-02
2.3130000e-05,2.18800e-02
2.3180000e-05,1.92020e-02
2.3230000e-05,1.57560e-02
2.3280000e-05,7.92320e-03
2.3330000e-05,5.42210e-03
2.3380000e-05,2.16780e-03
2.3430000e-05,-2.26530e-03
2.3480000e-05,-5.72930e-03
2.3530000e-05,-8.47050e-03
2.3580000e-05,-1.11510e-02
2.3630000e-05,-1.39520e-02
2.3680000e-05,-1.90830e-02
2.3730000e-05,-2.10000e-02
2.3780000e-05,-2.36160e-02
2.3830000e-05,-2.17580e-02
2.3880000e-05,-2.45650e-02
2.3930000e-05,-2.44330e-02
2.3980000e-05,-2.45750e-02
2.4030000e-05,-2.33270e-02
2.4080000e-05,-2.06000e-02
2.4130000e-05,-1.76190e-02
2.4180000e-05,-1.45550e-02
2.4230000e-05,-8.80810e-03
2.4280000e-05,-4.43610e-03
2.4330000e-05,3.20530e-03
2.4380000e-05,9.31550e-03
2.4430000e-05,1.82370e-02
2.4480000e-05,2.68700e-02
2.4530000e-05,4.86320e-02
2.4580000e-05,5.87000e-02
2.4630000e-05,7.18720e-02
2.4680000e-05,8.25020e-02
2.4730000e-05,9.55130e-02
2.4780000e-05,1.07940e-01
2.4830000e-05,1.21670e-01
2.4880000e-05,1.34170e-01
2.4930000e-05,1.49240e-01
2.4980000e-05,1.60630e-01
2.5030000e-05,1.73830e-01
2.5080000e-05,1.85540e-01
2.5130000e-05,1.99000e-01
2.5180000e-05,2.08280e-01
2.5230000e-05,2.19750e-01
2.5280000e-05,2.29930e-01
2.5330000e-05,2.37770e-01
2.5380000e-05,2.45540e-01
2.5430000e-05,2.52610e-01
2.5480000e-05,2.56020e-01
2.5530000e-05,2.64280e-01
2.5580000e-05,2.64280e-01
2.5630000e-05,2.64010e-01
2.5680000e-05,2.63010e-01
2.5730000e-05,2.59970e-01
2.5780000e-05,2.53640e-01
2.5830000e-05,2.48160e-01
2.5880000e-05,2.40370e-01
2.5930000e-05,2.32350e-01
2.5980000e-05,2.21540e-01
2.6030000e-05,2.09610e-01
2.6080000e-05,1.96890e-01
2.6130000e-05,1.84470e-01
2.6180000e-05,1.69660e-01
2.6230000e-05,1.55510e-01
2.6280000e-05,1.40060e-01
2.6330000e-05,1.21040e-01
2.6380000e-05,1.05400e-01
2.6430000e-05,8.79030e-02
2.6480000e-05,7.21900e-02
2.6530000e-05,5.56340e-02
2.6580000e-05,4.03590e-02
2.6630000e-05,2.41170e-02
2.6680000e-05,9.95700e-03
2.6730000e-05,-3.23890e-03
2.6780000e-05,-1.69360e-02
2.6830000e-05,-2.60790e-02
2.6880000e-05,-4.54800e-02
2.6930000e-05,-5.07150e-02
2.6980000e-05,-5.60690e-02
2.7030000e-05,-5.91530e-02
2.7080000e-05,-5.93170e-02
2.7130000e-05,-5.64570e-02
2.7180000e-05,-5.72250e-02
2.7230000e-05,-5.02020e-02
2.7280000e-05,-4.34750e-02
2.7330000e-05,-3.38340e-02
2.7380000e-05,-2.30740e-02
2.7430000e-05,-1.16020e-02
2.7480000e-05,3.87130e-03
2.7530000e-05,1.90850e-02
2.7580000e-05,3.72810e-02
2.7630000e-05,5.58460e-02
2.7680000e-05,7.42010e-02
2.7730000e-05,9.44800e-02
2.7780000e-05,1.14090e-01
2.7830000e-05,1.38890e-01
2.7880000e-05,1.61580e-01
2.7930000e-05,1.82530e-01
2.7980000e-05,2.03620e-01
2.8030000e-05,2.25190e-01
2.8080000e-05,2.47110e-01
2.8130000e-05,2.86410e-01
2.8180000e-05,3.03930e-01
2.8230000e-05,3.19980e-01
2.8280000e-05,3.35100e-01
2.8330000e-05,3.47970e-01
2.8380000e-05,3.57840e-01
2.8430000e-05,3.67020e-01
2.8480000e-05,3.72880e-01
2.8530000e-05,3.76580e-01
2.8580000e-05,3.76580e-01
2.8630000e-05,3.77960e-01
2.8680000e-05,3.73460e-01
2.8730000e-05,3.65500e-01
2.8780000e-05,3.55320e-01
2.8830000e-05,3.44210e-01
2.8880000e-05,3.29290e-01
2.8930000e-05,3.12950e-01
2.8980000e-05,2.91790e-01
2.9030000e-05,2.70070e-01
2.9080000e-05,2.45620e-01
2.9130000e-05,2.18930e-01
2.9180000e-05,1.92030e-01
2.9230000e-05,1.62710e-01
2.9280000e-05,9.78960e-02
2.9330000e-05,6.66730e-02
2.9380000e-05,3.42290e-02
2.9430000e-05,7.17400e-05
2.9480000e-05,-3.17030e-02
2.9530000e-05,-6.33180e-02
2.9580000e-05,-9.40190e-02
2.9630000e-05,-1.24740e-01
2.9680000e-05,-1.53140e-01
2.9730000e-05,-1.80920e-01
2.9780000e-05,-2.05430e-01
2.9830000e-05,-2.28050e-01
2.9880000e-05,-2.49870e-01
2.9930000e-05,-2.69110e-01
2.9980000e-05,-2.83560e-01
3.0030000e-05,-2.96700e-01
3.0080000e-05,-3.08230e-01
3.0130000e-05,-3.14690e-01
3.0180000e-05,-3.17000e-01
3.0230000e-05,-3.19500e-01
3.0280000e-05,-3.17250e-01
3.0330000e-05,-3.11640e-01
3.0380000e-05,-3.01690e-01
3.0430000e-05,-2.92980e-01
3.0480000e-05,-2.78030e-01
3.0530000e-05,-2.44180e-01
3.0580000e-05,-2.24160e-01
3.0630000e-05,-2.00010e-01
3.0680000e-05,-1.78290e-01
3.0730000e-05,-1.51960e-01
3.0780000e-05,-1.26310e-01
3.0830000e-05,-9.71170e-02
3.0880000e-05,-6.89070e-02
3.0930000e-05,-4.15850e-02
3.0980000e-05,-1.35870e-02
3.1030000e-05,1.55740e-02
3.1080000e-05,4.43950e-02
3.1130000e-05,7.15590e-02
3.1180000e-05,9.91340e-02
3.1230000e-05,1.24160e-01
3.1280000e-05,1.49590e-01
3.1330000e-05,1.72100e-01
3.1380000e-05,1.92290e-01
3.1430000e-05,2.10570e-01
3.1480000e-05,2.28470e-01
3.1530000e-05,2.42790e-01
3.1580000e-05,2.54560e-01
3.1630000e-05,2.65090e-01
3.1680000e-05,2.71240e-01
3.1730000e-05,2.75410e-01
3.1780000e-05,2.74190e-01
3.1830000e-05,2.74190e-01
3.1880000e-05,2.67750e-01
3.1930000e-05,2.60440e-01
3.1980000e-05,2.47940e-01
3.2030000e-05,2.35150e-01
3.2080000e-05,2.18850e-01
3.2130000e-05,2.01350e-01
3.2180000e-05,1.82240e-01
3.2230000e-05,1.60860e-01
3.2280000e-05,1.37200e-01
3.2330000e-05,1.10620e-01
3.2380000e-05,8.29570e-02
3.2430000e-05,5.84990e-02
3.2480000e-05,2.91450e-02
3.2530000e-05,-1.46540e-03
3.2580000e-05,-3.12400e-02
3.2630000e-05,-6.04970e-02
3.2680000e-05,-9.06090e-02
3.2730000e-05,-1.20390e-01
3.2780000e-05,-1.49270e-01
3.2830000e-05,-1.77200e-01
3.2880000e-05,-2.03930e-01
3.2930000e-05,-2.54480e-01
3.2980000e-05,-2.79490e-01
3.3030000e-05,-2.98860e-01
3.3080000e-05,-3.20070e-01
3.3130000e-05,-3.37160e-01
3.3180000e-05,-3.52390e-01
3.3230000e-05,-3.63230e-01
3.3280000e-05,-3.74700e-01
3.3330000e-05,-3.79870e-01
3.3380000e-05,-3.85380e-01
3.3430000e-05,-3.84830e-01
3.3480000e-05,-3.86610e-01
3.3530000e-05,-3.80920e-01
3.3580000e-05,-3.74030e-01
3.3630000e-05,-3.64370e-01
3.3680000e-05,-3.53560e-01
3.3730000e-05,-3.39610e-01
3.3780000e-05,-3.23190e-01
3.3830000e-05,-3.02570e-01
3.3880000e-05,-2.82310e-01
3.3930000e-05,-2.59210e-01
3.3980000e-05,-2.35200e-01
3.4030000e-05,-2.06970e-01
3.4080000e-05,-1.81680e-01
3.4130000e-05,-1.24500e-01
3.4180000e-05,-9.36150e-02
3.4230000e-05,-6.37540e-02
3.4280000e-05,-3.44250e-02
3.4330000e-05,-2.43210e-03
3.4380000e-05,2.73320e-02
3.4430000e-05,5.71560e-02
3.4480000e-05,8.65570e-02
3.4530000e-05,1.17360e-01
3.4580000e-05,1.46810e-01
3.4630000e-05,1.74700e-01
3.4680000e-05,1.99690e-01
3.4730000e-05,2.23980e-01
3.4780000e-05,2.47660e-01
3.4830000e-05,2.69510e-01
3.4880000e-05,2.88700e-01
3.4930000e-05,3.07930e-01
3.4980000e-05,3.24290e-01
3.5030000e-05,3.38320e-01
3.5080000e-05,3.51790e-01
3.5130000e-05,3.61740e-01
3.5180000e-05,3.70140e-01
3.5230000e-05,3.76030e-01
3.5280000e-05,3.80640e-01
3.5330000e-05,3.81030e-01
3.5380000e-05,3.76790e-01
3.5430000e-05,3.73050e-01
3.5480000e-05,3.65410e-01
3.5530000e-05,3.54830e-01
3.5580000e-05,3.44030e-01
3.5630000e-05,3.28960e-01
3.5680000e-05,3.12150e-01
3.5730000e-05,2.96410e-01
3.5780000e-05,2.73870e-01
3.5830000e-05,2.53350e-01
3.5880000e-05,2.29530e-01
3.5930000e-05,2.04770e-01
3.5980000e-05,1.79070e-01
3.6030000e-05,1.52760e-01
3.6080000e-05,1.25830e-01
3.6130000e-05,9.60430e-02
3.6180000e-05,6.78140e-02
3.6230000e-05,3.99270e-02
3.6280000e-05,1.06760e-02
3.6330000e-05,-1.46170e-02
3.6380000e-05,-4.14940e-02
3.6430000e-05,-6.63990e-02
3.6480000e-05,-9.18840e-02
3.6530000e-05,-1.32650e-01
3.6580000e-05,-1.49950e-01
3.6630000e-05,-1.66610e-01
3.6680000e-05,-1.80710e-01
3.6730000e-05,-1.91670e-01
3.6780000e-05,-2.00490e-01
3.6830000e-05,-2.05340e-01
3.6880000e-05,-2.05340e-01
3.6930000e-05,-2.07460e-01
3.6980000e-05,-2.02030e-01
3.7030000e-05,-1.95660e-01
3.7080000e-05,-1.83330e-01
3.7130000e-05,-1.69460e-01
3.7180000e-05,-1.52710e-01
3.7230000e-05,-1.31640e-01
3.7280000e-05,-1.08700e-01
3.7330000e-05,-8.33250e-02
3.7380000e-05,-5.49220e-02
3.7430000e-05,-2.53740e-02
3.7480000e-05,6.96920e-03
3.7530000e-05,4.15650e-02
3.7580000e-05,7.75620e-02
3.7630000e-05,1.14240e-01
3.7680000e-05,1.52410e-01
3.7730000e-05,2.29150e-01
3.7780000e-05,2.66960e-01
3.7830000e-05,3.05830e-01
3.7880000e-05,3.41940e-01
3.7930000e-05,3.77580e-01
3.7980000e-05,4.11840e-01
3.8030000e-05,4.43450e-01
3.8080000e-05,4.73550e-01
3.8130000e-05,5.01510e-01
3.8180000e-05,5.25460e-01
3.8230000e-05,5.44400e-01
3.8280000e-05,5.61860e-01
3.8330000e-05,5.75610e-01
3.8380000e-05,5.85150e-01
3.8430000e-05,5.90180e-01
3.8480000e-05,5.92380e-01
3.8530000e-05,5.88210e-01
3.8580000e-05,5.81290e-01
3.8630000e-05,5.68600e-01
3.8680000e-05,5.52500e-01
3.8730000e-05,5.31690e-01
3.8780000e-05,5.06890e-01
3.8830000e-05,4.79090e-01
3.8880000e-05,4.47180e-01
3.8930000e-05,3.69210e-01
3.8980000e-05,3.26470e-01
3.9030000e-05,2.81730e-01
3.9080000e-05,2.35250e-01
3.9130000e-05,1.87290e-01
3.9180000e-05,1.35720e-01
3.9230000e-05,8.39970e-02
3.9280000e-05,3.22020e-02
3.9330000e-05,-1.82440e-02
3.9380000e-05,-6.99230e-02
3.9430000e-05,-1.20460e-01
3.9480000e-05,-1.67270e-01
3.9530000e-05,-2.14160e-01
3.9580000e-05,-2.58120e-01
3.9630000e-05,-2.98900e-01
3.9680000e-05,-3.37580e-01
3.9730000e-05,-3.72880e-01
3.9780000e-05,-4.01590e-01
3.9830000e-05,-4.29170e-01
3.9880000e-05,-4.49960e-01
3.9930000e-05,-4.68060e-01
3.9980000e-05,-4.78050e-01
4.0030000e-05,-4.87920e-01
4.0080000e-05,-4.87330e-01
4.0130000e-05,-4.78060e-01
4.0180000e-05,-4.67170e-01
4.0230000e-05,-4.48660e-01
4.0280000e-05,-4.28800e-01
4.0330000e-05,-3.99850e-01
4.0380000e-05,-3.70030e-01
4.0430000e-05,-3.34810e-01
4.0480000e-05,-2.97840e-01
4.0530000e-05,-2.56330e-01
4.0580000e-05,-2.13610e-01
4.0630000e-05,-1.66870e-01
4.0680000e-05,-1.19530e-01
4.0730000e-05,-7.17880e-02
4.0780000e-05,-2.39110e-02
4.0830000e-05,2.69260e-02
4.0880000e-05,7.63630e-02
4.0930000e-05,1.24570e-01
4.0980000e-05,1.73490e-01
4.1030000e-05,2.16400e-01
4.1080000e-05,2.60200e-01
4.1130000e-05,3.01290e-01
4.1180000e-05,3.37750e-01
4.1230000e-05,3.72580e-01
4.1280000e-05,4.02360e-01
4.1330000e-05,4.54150e-01
4.1380000e-05,4.68320e-01
4.1430000e-05,4.80480e-01
4.1480000e-05,4.89550e-01
4.1530000e-05,4.89550e-01
4.1580000e-05,4.87770e-01
4.1630000e-05,4.82240e-01
4.1680000e-05,4.68870e-01
4.1730000e-05,4.53710e-01
4.1780000e-05,4.31120e-01
4.1830000e-05,4.04960e-01
4.1880000e-05,3.75360e-01
4.1930000e-05,3.40980e-01
4.1980000e-05,3.04980e-01
4.2030000e-05,2.64740e-01
4.2080000e-05,2.20790e-01
4.2130000e-05,1.76550e-01
4.2180000e-05,1.26940e-01
4.2230000e-05,7.77080e-02
4.2280000e-05,2.62080e-02
4.2330000e-05,-2.54400e-02
4.2380000e-05,-7.61950e-02
4.2430000e-05,-1.27520e-01
4.2480000e-05,-1.74730e-01
4.2530000e-05,-2.70960e-01
4.2580000e-05,-3.17090e-01
4.2630000e-05,-3.59180e-01
4.2680000e-05,-3.99450e-01
4.2730000e-05,-4.36620e-01
4.2780000e-05,-4.70610e-01
4.2830000e-05,-4.98860e-01
4.2880000e-05,-5.24480e-01
4.2930000e-05,-5.46540e-01
4.2980000e-05,-5.65480e-01
4.3030000e-05,-5.78370e-01
4.3080000e-05,-5.87910e-01
4.3130000e-05,-5.93640e-01
4.3180000e-05,-5.94910e-01
4.3230000e-05,-5.89380e-01
4.3280000e-05,-5.83090e-01
4.3330000e-05,-5.68980e-01
4.3380000e-05,-5.55650e-01
4.3430000e-05,-5.34640e-01
4.3480000e-05,-5.13210e-01
4.3530000e-05,-4.87570e-01
4.3580000e-05,-4.59530e-01
4.3630000e-05,-4.25140e-01
4.3680000e-05,-3.93310e-01
4.3730000e-05,-3.21290e-01
4.3780000e-05,-2.82390e-01
4.3830000e-05,-2.42610e-01
4.3880000e-05,-2.01760e-01
4.3930000e-05,-1.61420e-01
4.3980000e-05,-1.21120e-01
4.4030000e-05,-8.21550e-02
4.4080000e-05,-4.20790e-02
4.4130000e-05,-4.09380e-03
4.4180000e-05,3.57170e-02
4.4230000e-05,7.13620e-02
4.4280000e-05,1.03780e-01
4.4330000e-05,1.39580e-01
4.4380000e-05,1.71040e-01
4.4430000e-05,1.98950e-01
4.4480000e-05,2.24280e-01
4.4530000e-05,2.49850e-01
4.4580000e-05,2.70970e-01
4.4630000e-05,2.88020e-01
4.4680000e-05,3.04000e-01
4.4730000e-05,3.18820e-01
4.4780000e-05,3.27080e-01
4.4830000e-05,3.34310e-01
4.4880000e-05,3.39190e-01
4.4930000e-05,3.37450e-01
4.4980000e-05,3.37450e-01
4.5030000e-05,3.32960e-01
4.5080000e-05,3.25000e-01
4.5130000e-05,3.17030e-01
4.5180000e-05,3.04920e-01
4.5230000e-05,2.91860e-01
4.5280000e-05,2.75600e-01
4.5330000e-05,2.60310e-01
4.5380000e-05,2.42600e-01
4.5430000e-05,2.24080e-01
4.5480000e-05,2.03460e-01
4.5530000e-05,1.83730e-01
4.5580000e-05,1.63690e-01
4.5630000e-05,1.42450e-01
4.5680000e-05,1.18950e-01
4.5730000e-05,9.79850e-02
4.5780000e-05,7.64620e-02
4.5830000e-05,5.43000e-02
4.5880000e-05,3.52370e-02
4.5930000e-05,1.54930e-02
4.5980000e-05,-3.54900e-03
4.6030000e-05,-2.12800e-02
4.6080000e-05,-4.01430e-02
4.6130000e-05,-6.94560e-02
4.6180000e-05,-8.34450e-02
4.6230000e-05,-9.53420e-02
4.6280000e-05,-1.05810e-01
4.6330000e-05,-1.17000e-01
4.6380000e-05,-1.24390e-01
4.6430000e-05,-1.32200e-01
4.6480000e-05,-1.37920e-01
4.6530000e-05,-1.42990e-01
4.6580000e-05,-1.46520e-01
4.6630000e-05,-1.46520e-01
4.6680000e-05,-1.46900e-01
4.6730000e-05,-1.46900e-01
4.6780000e-05,-1.43980e-01
4.6830000e-05,-1.40920e-01
4.6880000e-05,-1.37070e-01
4.6930000e-05,-1.30180e-01
4.6980000e-05,-1.21700e-01
4.7030000e-05,-1.13230e-01
4.7080000e-05,-1.02280e-01
4.7130000e-05,-9.15730e-02
4.7180000e-05,-7.91640e-02
4.7230000e-05,-6.36540e-02
4.7280000e-05,-4.96390e-02
4.7330000e-05,-1.42150e-02
4.7380000e-05,1.54100e-03
4.7430000e-05,2.03510e-02
4.7480000e-05,4.09610e-02
4.7530000e-05,6.09190e-02
4.7580000e-05,8.18650e-02
4.7630000e-05,1.02950e-01
4.7680000e-05,1.24520e-01
4.7730000e-05,1.47850e-01
4.7780000e-05,1.68850e-01
4.7830000e-05,1.90050e-01
4.7880000e-05,2.08370e-01
4.7930000e-05,2.29360e-01
4.7980000e-05,2.49840e-01
4.8030000e-05,2.67660e-01
4.8080000e-05,2.85760e-01
4.8130000e-05,3.01070e-01
4.8180000e-05,3.15090e-01
4.8230000e-05,3.28310e-01
4.8280000e-05,3.40780e-01
4.8330000e-05,3.50300e-01
4.8380000e-05,3.58660e-01
4.8430000e-05,3.63030e-01
4.8480000e-05,3.63030e-01
4.8530000e-05,3.68150e-01
4.8580000e-05,3.62960e-01
4.8630000e-05,3.57340e-01
4.8680000e-05,3.49460e-01
4.8730000e-05,3.39570e-01
4.8780000e-05,3.27310e-01
4.8830000e-05,3.13120e-01
4.8880000e-05,2.95720e-01
4.8930000e-05,2.77130e-01
4.8980000e-05,2.56750e-01
4.9030000e-05,2.36130e-01
4.9080000e-05,2.11490e-01
4.9130000e-05,1.85170e-01
4.9180000e-05,1.60320e-01
4.9230000e-05,1.32040e-01
4.9280000e-05,1.02370e-01
4.9330000e-05,7.32090e-02
4.9380000e-05,4.38470e-02
4.9430000e-05,1.39430e-02
4.9480000e-05,-1.41250e-02
4.9530000e-05,-4.35480e-02
4.9580000e-05,-7.08370e-02
4.9630000e-05,-9.94090e-02
4.9680000e-05,-1.25580e-01
4.9730000e-05,-1.71840e-01
4.9780000e-05,-1.93480e-01
4.9830000e-05,-2.12890e-01
4.9880000e-05,-2.31970e-01
4.9930000e-05,-2.45360e-01
4.9980000e-05,-2.59460e-01
5.0030000e-05,-2.70200e-01
5.0080000e-05,-2.78520e-01
5.0130000e-05,-2.81730e-01
5.0180000e-05,-2.85780e-01
5.0230000e-05,-2.83220e-01
5.0280000e-05,-2.80240e-01
5.0330000e-05,-2.72870e-01
5.0380000e-05,-2.65340e-01
5.0430000e-05,-2.51840e-01
5.0480000e-05,-2.38250e-01
5.0530000e-05,-2.19710e-01
5.0580000e-05,-2.02320e-01
5.0630000e-05,-1.79670e-01
5.0680000e-05,-1.57350e-01
5.0730000e-05,-1.30350e-01
5.0780000e-05,-1.03680e-01
5.0830000e-05,-7.57160e-02
5.0880000e-05,-4.59140e-02
5.0930000e-05,1.57630e-02
5.0980000e-05,4.63680e-02
5.1030000e-05,7.83140e-02
5.1080000e-05,1.08000e-01
5.1130000e-05,1.40270e-01
5.1180000e-05,1.69670e-01
5.1230000e-05,1.96290e-01
5.1280000e-05,2.21340e-01
5.1330000e-05,2.46300e-01
5.1380000e-05,2.68120e-01
5.1430000e-05,2.86310e-01
5.1480000e-05,3.01180e-01
5.1530000e-05,3.16250e-01
5.1580000e-05,3.25210e-01
5.1630000e-05,3.31950e-01
5.1680000e-05,3.31950e-01
5.1730000e-05,3.30650e-01
5.1780000e-05,3.30650e-01
5.1830000e-05,3.24360e-01
5.1880000e-05,3.13660e-01
5.1930000e-05,2.98170e-01
5.1980000e-05,2.79370e-01
5.2030000e-05,2.58810e-01
5.2080000e-05,2.33770e-01
5.2130000e-05,1.78330e-01
5.2180000e-05,1.46060e-01
5.2230000e-05,1.10660e-01
5.2280000e-05,7.51520e-02
5.2330000e-05,3.75030e-02
5.2380000e-05,-3.14360e-03
5.2430000e-05,-4.36280e-02
5.2480000e-05,-8.40950e-02
5.2530000e-05,-1.22480e-01
5.2580000e-05,-1.63270e-01
5.2630000e-05,-2.01820e-01
5.2680000e-05,-2.41270e-01
5.2730000e-05,-2.78330e-01
5.2780000e-05,-3.16870e-01
5.2830000e-05,-3.48620e-01
5.2880000e-05,-3.82070e-01
5.2930000e-05,-4.12670e-01
5.2980000e-05,-4.40260e-01
5.3030000e-05,-4.64020e-01
5.3080000e-05,-4.86830e-01
5.3130000e-05,-5.03680e-01
5.3180000e-05,-5.21930e-01
5.3230000e-05,-5.34290e-01
5.3280000e-05,-5.41890e-01
5.3330000e-05,-5.51410e-01
5.3380000e-05,-5.51410e-01
5.3430000e-05,-5.44520e-01
5.3480000e-05,-5.36690e-01
5.3530000e-05,-5.27660e-01
5.3580000e-05,-5.13220e-01
5.3630000e-05,-4.97300e-01
5.3680000e-05,-4.77030e-01
5.3730000e-05,-4.54560e-01
5.3780000e-05,-4.30770e-01
5.3830000e-05,-4.04590e-01
5.3880000e-05,-3.74640e-01
5.3930000e-05,-3.46180e-01
5.3980000e-05,-3.14070e-01
5.4030000e-05,-2.81280e-01
5.4080000e-05,-2.45550e-01
5.4130000e-05,-2.12400e-01
5.4180000e-05,-1.76950e-01
5.4230000e-05,-1.44140e-01
5.4280000e-05,-1.10910e-01
5.4330000e-05,-7.73970e-02
5.4380000e-05,-4.32320e-02
5.4430000e-05,-1.13780e-02
5.4480000e-05,1.89180e-02
5.4530000e-05,7.65020e-02
5.4580000e-05,1.04350e-01
5.4630000e-05,1.28300e-01
5.4680000e-05,1.48200e-01
5.4730000e-05,1.69450e-01
5.4780000e-05,1.84430e-01
5.4830000e-05,1.98590e-01
5.4880000e-05,2.10020e-01
5.4930000e-05,2.17160e-01
5.4980000e-05,2.22920e-01
5.5030000e-05,2.22920e-01
5.5080000e-05,2.24510e-01
5.5130000e-05,2.22480e-01
5.5180000e-05,2.14700e-01
5.5230000e-05,2.06500e-01
5.5280000e-05,1.93700e-01
5.5330000e-05,1.80380e-01
5.5380000e-05,1.66070e-01
5.5430000e-05,1.46680e-01
5.5480000e-05,1.25160e-01
5.5530000e-05,1.01890e-01
5.5580000e-05,7.80850e-02
5.5630000e-05,5.11780e-02
5.5680000e-05,2.52230e-02
5.5730000e-05,-3.27020e-02
5.5780000e-05,-6.30510e-02
5.5830000e-05,-9.24120e-02
5.5880000e-05,-1.21350e-01
5.5930000e-05,-1.50170e-01
5.5980000e-05,-1.80580e-01
5.6030000e-05,-2.08290e-01
5.6080000e-05,-2.35950e-01
5.6130000e-05,-2.63920e-01
5.6180000e-05,-2.87860e-01
5.6230000e-05,-3.13940e-01
5.6280000e-05,-3.36060e-01
5.6330000e-05,-3.57110e-01
5.6380000e-05,-3.74350e-01
5.6430000e-05,-3.92120e-01
5.6480000e-05,-4.05490e-01
5.6530000e-05,-4.17140e-01
5.6580000e-05,-4.25080e-01
5.6630000e-05,-4.33300e-01
5.6680000e-05,-4.35600e-01
5.6730000e-05,-4.34080e-01
5.6780000e-05,-4.34080e-01
5.6830000e-05,-4.30180e-01
5.6880000e-05,-4.22380e-01
5.6930000e-05,-3.99240e-01
5.6980000e-05,-3.85010e-01
5.7030000e-05,-3.65640e-01
5.7080000e-05,-3.47110e-01
5.7130000e-05,-3.22540e-01
5.7180000e-05,-2.97420e-01
5.7230000e-05,-2.70160e-01
5.7280000e-05,-2.41280e-01
5.7330000e-05,-2.11010e-01
5.7380000e-05,-1.78300e-01
5.7430000e-05,-1.43900e-01
5.7480000e-05,-1.10630e-01
5.7530000e-05,-7.34610e-02
5.7580000e-05,-3.92710e-02
5.7630000e-05,-6.43520e-04
5.7680000e-05,3.55090e-02
5.7730000e-05,7.15050e-02
5.7780000e-05,1.07900e-01
5.7830000e-05,1.44570e-01
5.7880000e-05,1.80140e-01
5.7930000e-05,2.13560e-01
5.7980000e-05,2.44960e-01
5.8030000e-05,2.75410e-01
5.8080000e-05,3.05060e-01
5.8130000e-05,3.55480e-01
5.8180000e-05,3.75650e-01
5.8230000e-05,3.94500e-01
5.8280000e-05,4.10680e-01
5.8330000e-05,4.23080e-01
5.8380000e-05,4.32650e-01
5.8430000e-05,4.40320e-01
5.8480000e-05,4.41930e-01
5.8530000e-05,4.41160e-01
5.8580000e-05,4.36830e-01
5.8630000e-05,4.27930e-01
5.8680000e-05,4.15960e-01
5.8730000e-05,4.02510e-01
5.8780000e-05,3.82800e-01
5.8830000e-05,3.60120e-01
5.8880000e-05,3.35460e-01
5.8930000e-05,3.07240e-01
5.8980000e-05,2.77070e-01
5.9030000e-05,2.42840e-01
5.9080000e-05,2.06350e-01
5.9130000e-05,1.68290e-01
5.9180000e-05,1.28800e-01
5.9230000e-05,8.61960e-02
5.9280000e-05,4.27150e-02
5.9330000e-05,-4.40390e-02
5.9380000e-05,-8.79310e-02
5.9430000e-05,-1.29810e-01
5.9480000e-05,-1.75070e-01
5.9530000e-05,-2.16630e-01
5.9580000e-05,-2.58580e-01
5.9630000e-05,-2.97340e-01
5.9680000e-05,-3.37110e-01
5.9730000e-05,-3.71740e-01
5.9780000e-05,-4.05800e-01
5.9830000e-05,-4.33700e-01
5.9880000e-05,-4.62710e-01
5.9930000e-05,-4.84460e-01
5.9980000e-05,-5.06270e-01
6.0030000e-05,-5.21210e-01
6.0080000e-05,-5.35410e-01
6.0130000e-05,-5.44390e-01
6.0180000e-05,-5.50040e-01
6.0230000e-05,-5.47270e-01
6.0280000e-05,-5.46180e-01
6.0330000e-05,-5.40420e-01
6.0380000e-05,-5.30960e-01
6.0430000e-05,-5.16280e-01
6.0480000e-05,-4.98260e-01
6.0530000e-05,-4.54970e-01
6.0580000e-05,-4.28120e-01
6.0630000e-05,-4.00060e-01
6.0680000e-05,-3.68680e-01
6.0730000e-05,-3.35860e-01
6.0780000e-05,-3.01620e-01
6.0830000e-05,-2.67940e-01
6.0880000e-05,-2.31960e-01
6.0930000e-05,-1.97560e-01
6.0980000e-05,-1.59640e-01
6.1030000e-05,-1.25180e-01
6.1080000e-05,-9.36780e-02
6.1130000e-05,-5.88660e-02
6.1180000e-05,-2.64240e-02
6.1230000e-05,1.11200e-03
6.1280000e-05,2.80690e-02
6.1330000e-05,5.45330e-02
6.1380000e-05,7.65490e-02
6.1430000e-05,9.68870e-02
6.1480000e-05,1.11230e-01
6.1530000e-05,1.25010e-01
6.1580000e-05,1.33570e-01
6.1630000e-05,1.41460e-01
6.1680000e-05,1.42110e-01
6.1730000e-05,1.37420e-01
6.1780000e-05,1.27230e-01
6.1830000e-05,1.13660e-01
6.1880000e-05,9.75390e-02
6.1930000e-05,7.97350e-02
6.1980000e-05,5.77730e-02
6.2030000e-05,3.20170e-02
6.2080000e-05,3.85100e-03
6.2130000e-05,-2.46330e-02
6.2180000e-05,-5.85670e-02
6.2230000e-05,-9.17100e-02
6.2280000e-05,-1.27970e-01
6.2330000e-05,-1.64810e-01
6.2380000e-05,-2.03580e-01
6.2430000e-05,-2.41110e-01
6.2480000e-05,-2.80510e-01
6.2530000e-05,-3.18100e-01
6.2580000e-05,-3.58170e-01
6.2630000e-05,-3.95310e-01
6.2680000e-05,-4.30990e-01
6.2730000e-05,-4.66410e-01
6.2780000e-05,-4.99020e-01
6.2830000e-05,-5.27490e-01
6.2880000e-05,-5.56430e-01
6.2930000e-05,-6.04570e-01
6.2980000e-05,-6.22600e-01
6.3030000e-05,-6.39930e-01
6.3080000e-05,-6.50350e-01
6.3130000e-05,-6.59480e-01
6.3180000e-05,-6.64910e-01
6.3230000e-05,-6.66670e-01
6.3280000e-05,-6.64850e-01
6.3330000e-05,-6.56360e-01
6.3380000e-05,-6.45310e-01
6.3430000e-05,-6.34030e-01
6.3480000e-05,-6.13290e-01
6.3530000e-05,-5.93270e-01
6.3580000e-05,-5.68050e-01
6.3630000e-05,-5.42020e-01
6.3680000e-05,-5.11010e-01
6.3730000e-05,-4.76740e-01
6.3780000e-05,-4.41280e-01
6.3830000e-05,-4.03740e-01
6.3880000e-05,-3.62540e-01
6.3930000e-05,-3.23310e-01
6.3980000e-05,-2.77960e-01
6.4030000e-05,-2.34830e-01
6.4080000e-05,-1.89470e-01
6.4130000e-05,-1.01640e-01
6.4180000e-05,-5.91560e-02
6.4230000e-05,-1.31960e-02
6.4280000e-05,2.80270e-02
6.4330000e-05,6.99310e-02
6.4380000e-05,1.09050e-01
6.4430000e-05,1.47280e-01
6.4480000e-05,1.82170e-01
6.4530000e-05,2.14870e-01
6.4580000e-05,2.45570e-01
6.4630000e-05,2.73640e-01
6.4680000e-05,2.95900e-01
6.4730000e-05,3.17540e-01
6.4780000e-05,3.35040e-01
6.4830000e-05,3.48860e-01
6.4880000e-05,3.58480e-01
6.4930000e-05,3.66270e-01
6.4980000e-05,3.69450e-01
6.5030000e-05,3.68200e-01
6.5080000e-05,3.63220e-01
6.5130000e-05,3.57140e-01
6.5180000e-05,3.43240e-01
6.5230000e-05,3.27470e-01
6.5280000e-05,3.12410e-01
6.5330000e-05,2.64250e-01
6.5380000e-05,2.36960e-01
6.5430000e-05,2.08140e-01
6.5480000e-05,1.76560e-01
6.5530000e-05,1.42430e-01
6.5580000e-05,1.05280e-01
6.5630000e-05,6.92580e-02
6.5680000e-05,2.93430e-02
6.5730000e-05,-1.16240e-02
6.5780000e-05,-4.90100e-02
6.5830000e-05,-8.69370e-02
6.5880000e-05,-1.28260e-01
6.5930000e-05,-1.65160e-01
6.5980000e-05,-2.02130e-01
6.6030000e-05,-2.38600e-01
6.6080000e-05,-2.75760e-01
6.6130000e-05,-3.10490e-01
6.6180000e-05,-3.40510e-01
6.6230000e-05,-3.71780e-01
6.6280000e-05,-3.98250e-01
6.6330000e-05,-4.23420e-01
6.6380000e-05,-4.45130e-01
6.6430000e-05,-4.66150e-01
6.6480000e-05,-4.80020e-01
6.6530000e-05,-5.01880e-01
6.6580000e-05,-5.11420e-01
6.6630000e-05,-5.12460e-01
6.6680000e-05,-5.12460e-01
6.6730000e-05,-5.08600e-01
6.6780000e-05,-5.02470e-01
6.6830000e-05,-4.91670e-01
6.6880000e-05,-4.79640e-01
6.6930000e-05,-4.62450e-01
6.6980000e-05,-4.46460e-01
6.7030000e-05,-4.22100e-01
6.7080000e-05,-3.99010e-01
6.7130000e-05,-3.72240e-01
6.7180000e-05,-3.45110e-01
6.7230000e-05,-3.11920e-01
6.7280000e-05,-2.82440e-01
6.7330000e-05,-2.48090e-01
6.7380000e-05,-2.15030e-01
6.7430000e-05,-1.78910e-01
6.7480000e-05,-1.43800e-01
6.7530000e-05,-1.07640e-01
6.7580000e-05,-7.21680e-02
6.7630000e-05,-3.63650e-02
6.7680000e-05,-1.55340e-03
6.7730000e-05,6.80090e-02
6.7780000e-05,9.72130e-02
6.7830000e-05,1.29130e-01
6.7880000e-05,1.57680e-01
6.7930000e-05,1.82720e-01
6.7980000e-05,2.07200e-01
6.8030000e-05,2.27300e-01
6.8080000e-05,2.44690e-01
6.8130000e-05,2.59420e-01
6.8180000e-05,2.73310e-01
6.8230000e-05,2.82060e-01
6.8280000e-05,2.87250e-01
6.8330000e-05,2.92000e-01
6.8380000e-05,2.90750e-01
6.8430000e-05,2.88800e-01
6.8480000e-05,2.81340e-01
6.8530000e-05,2.72690e-01
6.8580000e-05,2.60300e-01
6.8630000e-05,2.43660e-01
6.8680000e-05,2.26210e-01
6.8730000e-05,2.04030e-01
6.8780000e-05,1.82280e-01
6.8830000e-05,1.57290e-01
6.8880000e-05,1.27710e-01
6.8930000e-05,6.72310e-02
6.8980000e-05,3.66160e-02
6.9030000e-05,5.53560e-03
6.9080000e-05,-2.95510e-02
6.9130000e-05,-6.25310e-02
6.9180000e-05,-9.59630e-02
6.9230000e-05,-1.28530e-01
6.9280000e-05,-1.61190e-01
6.9330000e-05,-1.92700e-01
6.9380000e-05,-2.25120e-01
6.9430000e-05,-2.53690e-01
6.9480000e-05,-2.83510e-01
6.9530000e-05,-3.09700e-01
6.9580000e-05,-3.35620e-01
6.9630000e-05,-3.54690e-01
6.9680000e-05,-3.77100e-01
6.9730000e-05,-3.95730e-01
6.9780000e-05,-4.12500e-01
6.9830000e-05,-4.22370e-01
6.9880000e-05,-4.32310e-01
6.9930000e-05,-4.38070e-01
6.9980000e-05,-4.43810e-01
7.0030000e-05,-4.44710e-01
7.0080000e-05,-4.42980e-01
7.0130000e-05,-4.29690e-01
7.0180000e-05,-4.17590e-01
7.0230000e-05,-4.09280e-01
7.0280000e-05,-3.93050e-01
7.0330000e-05,-3.74800e-01
7.0380000e-05,-3.53880e-01
7.0430000e-05,-3.33470e-01
7.0480000e-05,-3.10420e-01
7.0530000e-05,-2.84140e-01
7.0580000e-05,-2.55890e-01
7.0630000e-05,-2.29720e-01
7.0680000e-05,-1.99780e-01
7.0730000e-05,-1.71540e-01
7.0780000e-05,-1.41640e-01
7.0830000e-05,-1.10270e-01
7.0880000e-05,-8.08460e-02
7.0930000e-05,-5.09120e-02
7.0980000e-05,-2.17250e-02
7.1030000e-05,6.01910e-03
7.1080000e-05,3.40760e-02
7.1130000e-05,6.03890e-02
7.1180000e-05,8.50250e-02
7.1230000e-05,1.08500e-01
7.1280000e-05,1.31350e-01
7.1330000e-05,1.70940e-01
7.1380000e-05,1.83520e-01
7.1430000e-05,1.97710e-01
7.1480000e-05,2.07930e-01
7.1530000e-05,2.16540e-01
7.1580000e-05,2.20860e-01
7.1630000e-05,2.24930e-01
7.1680000e-05,2.24930e-01
7.1730000e-05,2.22980e-01
7.1780000e-05,2.18320e-01
7.1830000e-05,2.10960e-01
7.1880000e-05,2.01880e-01
7.1930000e-05,1.90320e-01
7.1980000e-05,1.76460e-01
7.2030000e-05,1.59950e-01
7.2080000e-05,1.41540e-01
7.2130000e-05,1.18610e-01
7.2180000e-05,9.83830e-02
7.2230000e-05,7.42810e-02
7.2280000e-05,4.87660e-02
7.2330000e-05,2.32900e-02
7.2380000e-05,-2.79270e-03
7.2430000e-05,-2.89470e-02
7.2480000e-05,-5.66280e-02
7.2530000e-05,-1.12560e-01
7.2580000e-05,-1.41940e-01
7.2630000e-05,-1.69190e-01
7.2680000e-05,-1.96940e-01
7.2730000e-05,-2.24110e-01
7.2780000e-05,-2.50830e-01
7.2830000e-05,-2.77700e-01
7.2880000e-05,-3.01600e-01
7.2930000e-05,-3.25240e-01
7.2980000e-05,-3.44640e-01
7.3030000e-05,-3.66180e-01
7.3080000e-05,-3.85410e-01
7.3130000e-05,-4.02960e-01
7.3180000e-05,-4.15570e-01
7.3230000e-05,-4.28730e-01
7.3280000e-05,-4.40330e-01
7.3330000e-05,-4.50970e-01
7.3380000e-05,-4.58040e-01
7.3430000e-05,-4.64400e-01
7.3480000e-05,-4.65570e-01
7.3530000e-05,-4.68850e-01
7.3580000e-05,-4.68850e-01
7.3630000e-05,-4.67810e-01
7.3680000e-05,-4.62140e-01
7.3730000e-05,-4.51270e-01
7.3780000e-05,-4.42620e-01
7.3830000e-05,-4.30160e-01
7.3880000e-05,-4.19280e-01
7.3930000e-05,-4.05660e-01
7.3980000e-05,-3.92010e-01
7.4030000e-05,-3.74350e-01
7.4080000e-05,-3.60820e-01
7.4130000e-05,-3.41110e-01
7.4180000e-05,-3.24550e-01
7.4230000e-05,-3.03400e-01
7.4280000e-05,-2.88340e-01
7.4330000e-05,-2.66570e-01
7.4380000e-05,-2.46610e-01
7.4430000e-05,-2.28270e-01
7.4480000e-05,-2.08380e-01
7.4530000e-05,-1.88510e-01
7.4580000e-05,-1.71540e-01
7.4630000e-05,-1.52300e-01
7.4680000e-05,-1.35100e-01
7.4730000e-05,-1.15850e-01
7.4780000e-05,-9.97580e-02
7.4830000e-05,-8.41430e-02
7.4880000e-05,-7.03660e-02
7.4930000e-05,-4.02880e-02
7.4980000e-05,-3.06730e-02
7.5030000e-05,-1.96010e-02
7.5080000e-05,-7.56270e-03
7.5130000e-05,-3.17930e-04
7.5180000e-05,7.82290e-03
7.5230000e-05,1.33010e-02
7.5280000e-05,1.94130e-02
7.5330000e-05,2.26720e-02
7.5380000e-05,2.37330e-02
7.5430000e-05,2.60560e-02
7.5480000e-05,2.63500e-02
7.5530000e-05,2.53460e-02
7.5580000e-05,2.09500e-02
7.5630000e-05,1.80700e-02
7.5680000e-05,1.30620e-02
7.5730000e-05,7.14560e-03
7.5780000e-05,-8.31740e-05
7.5830000e-05,-9.29600e-03
7.5880000e-05,-1.57390e-02
7.5930000e-05,-2.43210e-02
7.5980000e-05,-3.32090e-02
7.6030000e-05,-4.36650e-02
7.6080000e-05,-5.25720e-02
7.6130000e-05,-7.31060e-02
7.6180000e-05,-8.39460e-02
7.6230000e-05,-9.24680e-02
7.6280000e-05,-1.03660e-01
7.6330000e-05,-1.12410e-01
7.6380000e-05,-1.20730e-01
7.6430000e-05,-1.28870e-01
7.6480000e-05,-1.37370e-01
7.6530000e-05,-1.41570e-01
7.6580000e-05,-1.48420e-01
7.6630000e-05,-1.50080e-01
7.6680000e-05,-1.52540e-01
7.6730000e-05,-1.53810e-01
7.6780000e-05,-1.53240e-01
7.6830000e-05,-1.53240e-01
7.6880000e-05,-1.49560e-01
7.6930000e-05,-1.42190e-01
7.6980000e-05,-1.37620e-01
7.7030000e-05,-1.27890e-01
7.7080000e-05,-1.16370e-01
7.7130000e-05,-1.05360e-01
7.7180000e-05,-9.27820e-02
7.7230000e-05,-7.61490e-02
7.7280000e-05,-5.78340e-02
7.7330000e-05,-1.85830e-02
7.7380000e-05,4.22620e-03
7.7430000e-05,2.90340e-02
7.7480000e-05,5.47990e-02
7.7530000e-05,8.17280e-02
7.7580000e-05,1.07800e-01
7.7630000e-05,1.40040e-01
7.7680000e-05,1.68980e-01
7.7730000e-05,1.98770e-01
7.7780000e-05,2.28720e-01
7.7830000e-05,2.59830e-01
7.7880000e-05,2.91780e-01
7.7930000e-05,3.23540e-01
7.7980000e-05,3.53510e-01
7.8030000e-05,3.81030e-01
7.8080000e-05,4.12410e-01
7.8130000e-05,4.40170e-01
7.8180000e-05,4.65810e-01
7.8230000e-05,4.89490e-01
7.8280000e-05,5.13270e-01
7.8330000e-05,5.34160e-01
7.8380000e-05,5.52130e-01
7.8430000e-05,5.67390e-01
7.8480000e-05,5.82530e-01
7.8530000e-05,6.00840e-01
7.8580000e-05,6.05710e-01
7.8630000e-05,6.05710e-01
7.8680000e-05,6.03650e-01
7.8730000e-05,6.03650e-01
7.8780000e-05,5.95470e-01
7.8830000e-05,5.86130e-01
7.8880000e-05,5.72140e-01
7.8930000e-05,5.55930e-01
7.8980000e-05,5.36360e-01
7.9030000e-05,5.13940e-01
7.9080000e-05,4.87190e-01
7.9130000e-05,4.61760e-01
7.9180000e-05,4.29110e-01
7.9230000e-05,3.97950e-01
7.9280000e-05,3.60940e-01
7.9330000e-05,3.27950e-01
7.9380000e-05,2.88820e-01
7.9430000e-05,2.50550e-01
7.9480000e-05,2.10800e-01
7.9530000e-05,1.70310e-01
7.9580000e-05,1.30660e-01
7.9630000e-05,8.73460e-02
7.9680000e-05,4.84790e-02
7.9730000e-05,-3.22450e-02
7.9780000e-05,-6.89690e-02
7.9830000e-05,-1.06610e-01
7.9880000e-05,-1.41320e-01
7.9930000e-05,-1.75500e-01
7.9980000e-05,-2.05070e-01
8.0030000e-05,-2.33750e-01
8.0080000e-05,-2.60790e-01
8.0130000e-05,-2.84970e-01
8.0180000e-05,-3.03970e-01
8.0230000e-05,-3.22240e-01
8.0280000e-05,-3.37240e-01
8.0330000e-05,-3.49570e-01
8.0380000e-05,-3.56710e-01
8.0430000e-05,-3.62070e-01
8.0480000e-05,-3.63470e-01
8.0530000e-05,-3.63470e-01
8.0580000e-05,-3.57900e-01
8.0630000e-05,-3.51540e-01
8.0680000e-05,-3.40830e-01
8.0730000e-05,-3.29330e-01
8.0780000e-05,-3.12140e-01
8.0830000e-05,-2.95190e-01
8.0880000e-05,-2.74130e-01
8.0930000e-05,-2.30340e-01
8.0980000e-05,-2.06640e-01
8.1030000e-05,-1.79640e-01
8.1080000e-05,-1.54400e-01
8.1130000e-05,-1.26290e-01
8.1180000e-05,-1.01300e-01
8.1230000e-05,-7.22900e-02
8.1280000e-05,-4.62910e-02
8.1330000e-05,-1.77180e-02
8.1380000e-05,6.60890e-03
8.1430000e-05,3.42610e-02
8.1480000e-05,5.91200e-02
8.1530000e-05,7.99950e-02
8.1580000e-05,1.03300e-01
8.1630000e-05,1.23300e-01
8.1680000e-05,1.41220e-01
8.1730000e-05,1.58690e-01
8.1780000e-05,1.71300e-01
8.1830000e-05,1.85110e-01
8.1880000e-05,1.92740e-01
8.1930000e-05,2.01610e-01
8.1980000e-05,2.05010e-01
8.2030000e-05,2.07740e-01
8.2080000e-05,2.09860e-01
8.2130000e-05,2.01650e-01
8.2180000e-05,1.95640e-01
8.2230000e-05,1.86900e-01
8.2280000e-05,1.77710e-01
8.2330000e-05,1.64970e-01
8.2380000e-05,1.52240e-01
8.2430000e-05,1.37740e-01
8.2480000e-05,1.19190e-01
8.2530000e-05,1.01830e-01
8.2580000e-05,8.19130e-02
8.2630000e-05,6.51320e-02
8.2680000e-05,4.46940e-02
8.2730000e-05,2.42780e-02
8.2780000e-05,3.80740e-03
8.2830000e-05,-1.66380e-02
8.2880000e-05,-3.73740e-02
8.2930000e-05,-5.51670e-02
8.2980000e-05,-7.49130e-02
8.3030000e-05,-9.25210e-02
8.3080000e-05,-1.09260e-01
8.3130000e-05,-1.26110e-01
8.3180000e-05,-1.39380e-01
8.3230000e-05,-1.52990e-01
8.3280000e-05,-1.64680e-01
8.3330000e-05,-1.81960e-01
8.3380000e-05,-1.89360e-01
8.3430000e-05,-1.93210e-01
8.3480000e-05,-1.97680e-01
8.3530000e-05,-1.95860e-01
8.3580000e-05,-1.95710e-01
8.3630000e-05,-1.91060e-01
8.3680000e-05,-1.87870e-01
8.3730000e-05,-1.78070e-01
8.3780000e-05,-1.70620e-01
8.3830000e-05,-1.58660e-01
8.3880000e-05,-1.47530e-01
8.3930000e-05,-1.31620e-01
8.3980000e-05,-1.16410e-01
8.4030000e-05,-9.71590e-02
8.4080000e-05,-7.91940e-02
8.4130000e-05,-5.97700e-02
8.4180000e-05,-3.84940e-02
8.4230000e-05,-1.49720e-02
8.4280000e-05,7.07220e-03
8.4330000e-05,3.23460e-02
8.4380000e-05,5.71240e-02
8.4430000e-05,8.09530e-02
8.4480000e-05,1.05460e-01
8.4530000e-05,1.57150e-01
8.4580000e-05,1.80990e-01
8.4630000e-05,2.05390e-01
8.4680000e-05,2.27580e-01
8.4730000e-05,2.51570e-01
8.4780000e-05,2.73040e-01
8.4830000e-05,2.94890e-01
8.4880000e-05,3.14100e-01
8.4930000e-05,3.33580e-01
8.4980000e-05,3.51530e-01
8.5030000e-05,3.69350e-01
8.5080000e-05,3.83970e-01
8.5130000e-05,3.96870e-01
8.5180000e-05,4.08590e-01
8.5230000e-05,4.19860e-01
8.5280000e-05,4.26990e-01
8.5330000e-05,4.34500e-01
8.5380000e-05,4.39170e-01
8.5430000e-05,4.41790e-01
8.5480000e-05,4.44490e-01
8.5530000e-05,4.40220e-01
8.5580000e-05,4.40220e-01
8.5630000e-05,4.37070e-01
8.5680000e-05,4.30720e-01
8.5730000e-05,4.13160e-01
8.5780000e-05,4.02760e-01
8.5830000e-05,3.89340e-01
8.5880000e-05,3.74930e-01
8.5930000e-05,3.61440e-01
8.5980000e-05,3.43670e-01
8.6030000e-05,3.26480e-01
8.6080000e-05,3.07850e-01
8.6130000e-05,2.89090e-01
8.6180000e-05,2.69010e-01
8.6230000e-05,2.48550e-01
8.6280000e-05,2.27010e-01
8.6330000e-05,2.08300e-01
8.6380000e-05,1.86890e-01
8.6430000e-05,1.66810e-01
8.6480000e-05,1.46150e-01
8.6530000e-05,1.26200e-01
8.6580000e-05,1.06240e-01
8.6630000e-05,8.73690e-02
8.6680000e-05,7.02710e-02
8.6730000e-05,5.37980e-02
8.6780000e-05,3.73620e-02
8.6830000e-05,2.43740e-02
8.6880000e-05,1.23630e-02
8.6930000e-05,-8.28930e-03
8.6980000e-05,-1.71360e-02
8.7030000e-05,-2.26240e-02
8.7080000e-05,-2.70840e-02
8.7130000e-05,-2.89330e-02
8.7180000e-05,-2.95720e-02
8.7230000e-05,-2.81560e-02
8.7280000e-05,-2.66610e-02
8.7330000e-05,-2.07310e-02
8.7380000e-05,-1.37270e-02
8.7430000e-05,-6.73440e-03
8.7480000e-05,2.41180e-03
8.7530000e-05,1.17230e-02
8.7580000e-05,2.59660e-02
8.7630000e-05,4.01110e-02
8.7680000e-05,5.51910e-02
8.7730000e-05,7.08240e-02
8.7780000e-05,8.64110e-02
8.7830000e-05,1.04780e-01
8.7880000e-05,1.23850e-01
8.7930000e-05,1.43820e-01
8.7980000e-05,1.63280e-01
8.8030000e-05,1.82760e-01
8.8080000e-05,2.02660e-01
8.8130000e-05,2.41540e-01
8.8180000e-05,2.60090e-01
8.8230000e-05,2.80250e-01
8.8280000e-05,2.97620e-01
8.8330000e-05,3.16660e-01
8.8380000e-05,3.33270e-01
8.8430000e-05,3.48110e-01
8.8480000e-05,3.62630e-01
8.8530000e-05,3.77450e-01
8.8580000e-05,3.88500e-01
8.8630000e-05,3.99610e-01
8.8680000e-05,4.08180e-01
8.8730000e-05,4.17690e-01
8.8780000e-05,4.21980e-01
8.8830000e-05,4.27080e-01
8.8880000e-05,4.30650e-01
8.8930000e-05,4.30510e-01
8.8980000e-05,4.30920e-01
8.9030000e-05,4.29310e-01
8.9080000e-05,4.25650e-01
8.9130000e-05,4.20270e-01
8.9180000e-05,4.12810e-01
8.9230000e-05,4.03930e-01
8.9280000e-05,3.95270e-01
8.9330000e-05,3.71920e-01
8.9380000e-05,3.58580e-01
8.9430000e-05,3.46480e-01
8.9480000e-05,3.30900e-01
8.9530000e-05,3.16490e-01
8.9580000e-05,3.00830e-01
8.9630000e-05,2.85570e-01
8.9680000e-05,2.68590e-01
8.9730000e-05,2.54080e-01
8.9780000e-05,2.37730e-01
8.9830000e-05,2.21590e-01
8.9880000e-05,2.07140e-01
8.9930000e-05,1.94090e-01
8.9980000e-05,1.80310e-01
9.0030000e-05,1.66990e-01
9.0080000e-05,1.54820e-01
9.0130000e-05,1.44950e-01
9.0180000e-05,1.33980e-01
9.0230000e-05,1.26050e-01
9.0280000e-05,1.17500e-01
9.0330000e-05,1.14090e-01
9.0380000e-05,1.06840e-01
9.0430000e-05,1.04310e-01
9.0480000e-05,1.02750e-01
9.0530000e-05,1.05640e-01
9.0580000e-05,1.10100e-01
9.0630000e-05,1.14720e-01
9.0680000e-05,1.21330e-01
9.0730000e-05,1.27020e-01
9.0780000e-05,1.38740e-01
9.0830000e-05,1.48660e-01
9.0880000e-05,1.56600e-01
9.0930000e-05,1.71970e-01
9.0980000e-05,1.83560e-01
9.1030000e-05,1.97120e-01
9.1080000e-05,2.10390e-01
9.1130000e-05,2.25460e-01
9.1180000e-05,2.39440e-01
9.1230000e-05,2.54500e-01
9.1280000e-05,2.69480e-01
9.1330000e-05,2.85560e-01
9.1380000e-05,3.00360e-01
9.1430000e-05,3.14180e-01
9.1480000e-05,3.29000e-01
9.1530000e-05,3.43400e-01
9.1580000e-05,3.54470e-01
9.1630000e-05,3.65600e-01
9.1680000e-05,3.78440e-01
9.1730000e-05,3.96700e-01
9.1780000e-05,4.04760e-01
9.1830000e-05,4.11970e-01
9.1880000e-05,4.16830e-01
9.1930000e-05,4.19030e-01
9.1980000e-05,4.21490e-01
9.2030000e-05,4.21490e-01
9.2080000e-05,4.21830e-01
9.2130000e-05,4.21830e-01
9.2180000e-05,4.16830e-01
9.2230000e-05,4.13900e-01
9.2280000e-05,4.09630e-01
9.2330000e-05,4.00930e-01
9.2380000e-05,3.92540e-01
9.2430000e-05,3.83650e-01
9.2480000e-05,3.72640e-01
9.2530000e-05,3.60520e-01
9.2580000e-05,3.49000e-01
9.2630000e-05,3.35460e-01
9.2680000e-05,3.19880e-01
9.2730000e-05,3.04710e-01
9.2780000e-05,2.91740e-01
9.2830000e-05,2.75010e-01
9.2880000e-05,2.58850e-01
9.2930000e-05,2.26280e-01
9.2980000e-05,2.10800e-01
9.3030000e-05,1.96040e-01
9.3080000e-05,1.78750e-01
9.3130000e-05,1.65030e-01
9.3180000e-05,1.48650e-01
9.3230000e-05,1.32240e-01
9.3280000e-05,1.17990e-01
9.3330000e-05,1.04130e-01
9.3380000e-05,9.19150e-02
9.3430000e-05,7.87620e-02
9.3480000e-05,6.64920e-02
9.3530000e-05,5.52760e-02
9.3580000e-05,4.69750e-02
9.3630000e-05,3.76760e-02
9.3680000e-05,2.94310e-02
9.3730000e-05,2.20180e-02
9.3780000e-05,1.60700e-02
9.3830000e-05,1.21770e-02
9.3880000e-05,6.51230e-03
9.3930000e-05,4.46490e-03
9.3980000e-05,1.20050e-03
9.4030000e-05,-1.78730e-03
9.4080000e-05,-1.78730e-03
9.4130000e-05,-1.88790e-04
9.4180000e-05,1.82380e-03
9.4230000e-05,3.62510e-03
9.4280000e-05,7.20780e-03
9.4330000e-05,9.62770e-03
9.4380000e-05,1.38970e-02
9.4430000e-05,1.70110e-02
9.4480000e-05,2.21180e-02
9.4530000e-05,2.96550e-02
9.4580000e-05,3.33510e-02
9.4630000e-05,4.05630e-02
9.4680000e-05,4.52260e-02
9.4730000e-05,5.23990e-02
9.4780000e-05,5.87450e-02
9.4830000e-05,6.61700e-02
9.4880000e-05,7.22550e-02
9.4930000e-05,7.99510e-02
9.4980000e-05,8.45350e-02
9.5030000e-05,9.19040e-02
9.5080000e-05,9.79340e-02
9.5130000e-05,1.05590e-01
9.5180000e-05,1.10350e-01
9.5230000e-05,1.15830e-01
9.5280000e-05,1.20240e-01
9.5330000e-05,1.33790e-01
9.5380000e-05,1.38530e-01
9.5430000e-05,1.41430e-01
9.5480000e-05,1.46290e-01
9.5530000e-05,1.49020e-01
9.5580000e-05,1.52910e-01
9.5630000e-05,1.57120e-01
9.5680000e-05,1.56510e-01
9.5730000e-05,1.59020e-01
9.5780000e-05,1.60090e-01
9.5830000e-05,1.62510e-01
9.5880000e-05,1.62510e-01
9.5930000e-05,1.62720e-01
9.5980000e-05,1.62720e-01
9.6030000e-05,1.62610e-01
9.6080000e-05,1.61380e-01
9.6130000e-05,1.61380e-01
9.6180000e-05,1.60180e-01
9.6230000e-05,1.61190e-01
9.6280000e-05,1.59570e-01
9.6330000e-05,1.56660e-01
9.6380000e-05,1.56660e-01
9.6430000e-05,1.55910e-01
9.6480000e-05,1.56220e-01
9.6530000e-05,1.54910e-01
9.6580000e-05,1.55010e-01
9.6630000e-05,1.55460e-01
9.6680000e-05,1.55460e-01
9.6730000e-05,1.59020e-01
9.6780000e-05,1.59020e-01
9.6830000e-05,1.61270e-01
9.6880000e-05,1.64910e-01
9.6930000e-05,1.67730e-01
9.6980000e-05,1.71220e-01
9.7030000e-05,1.76740e-01
9.7080000e-05,1.80850e-01
9.7130000e-05,1.87400e-01
9.7180000e-05,1.92870e-01
9.7230000e-05,2.02200e-01
9.7280000e-05,2.07880e-01
9.7330000e-05,2.17700e-01
9.7380000e-05,2.27060e-01
9.7430000e-05,2.37560e-01
9.7480000e-05,2.48320e-01
9.7530000e-05,2.60120e-01
9.7580000e-05,2.72140e-01
9.7630000e-05,2.83430e-01
9.7680000e-05,2.97670e-01
9.7730000e-05,3.24440e-01
9.7780000e-05,3.38010e-01
9.7830000e-05,3.52880e-01
9.7880000e-05,3.66000e-01
9.7930000e-05,3.79450e-01
9.7980000e-05,3.94680e-01
9.8030000e-05,4.09250e-01
9.8080000e-05,4.24080e-01
9.8130000e-05,4.37420e-01
9.8180000e-05,4.49580e-01
9.8230000e-05,4.62820e-01
9.8280000e-05,4.74590e-01
9.8330000e-05,4.87520e-01
9.8380000e-05,4.96360e-01
9.8430000e-05,5.06080e-01
9.8480000e-05,5.14060e-01
9.8530000e-05,5.22440e-01
9.8580000e-05,5.28790e-01
9.8630000e-05,5.33080e-01
9.8680000e-05,5.36380e-01
9.8730000e-05,5.36380e-01
9.8780000e-05,5.40090e-01
9.8830000e-05,5.40090e-01
9.8880000e-05,5.38230e-01
9.8930000e-05,5.30040e-01
9.8980000e-05,5.23620e-01
9.9030000e-05,5.17780e-01
9.9080000e-05,5.09970e-01
9.9130000e-05,4.98370e-01
9.9180000e-05,4.87580e-01
9.9230000e-05,4.75350e-01
9.9280000e-05,4.61460e-01
9.9330000e-05,4.47670e-01
9.9380000e-05,4.29590e-01
9.9430000e-05,4.14090e-01
9.9480000e-05,3.94840e-01
9.9530000e-05,3.78190e-01
9.9580000e-05,3.60070e-01
9.9630000e-05,3.39850e-01
9.9680000e-05,3.20660e-01
9.9730000e-05,3.00020e-01
9.9780000e-05,2.80790e-01
9.9830000e-05,2.61020e-01
9.9880000e-05,2.42050e-01
9.9930000e-05,2.23280e-01
9.9980000e-05,2.03110e-01
1.0003000e-04,1.85030e-01
1.0008000e-04,1.68880e-01
1.0013000e-04,1.35420e-01
1.0018000e-04,1.18560e-01
1.0023000e-04,1.04360e-01
1.0028000e-04,9.14830e-02
1.0033000e-04,7.98010e-02
1.0038000e-04,7.00760e-02
1.0043000e-04,5.93960e-02
1.0048000e-04,5.00970e-02
1.0053000e-04,4.40820e-02
1.0058000e-04,4.11780e-02
1.0063000e-04,3.55590e-02
1.0068000e-04,3.14890e-02
1.0073000e-04,3.03380e-02
1.0078000e-04,2.94030e-02
1.0083000e-04,3.34830e-02
1.0088000e-04,3.53470e-02
1.0093000e-04,3.65980e-02
1.0098000e-04,4.20860e-02
1.0103000e-04,4.76540e-02
1.0108000e-04,5.67790e-02
1.0113000e-04,6.52640e-02
1.0118000e-04,7.17450e-02
1.0123000e-04,8.03470e-02
1.0128000e-04,9.08060e-02
1.0133000e-04,1.12060e-01
1.0138000e-04,1.21940e-01
1.0143000e-04,1.33030e-01
1.0148000e-04,1.42070e-01
1.0153000e-04,1.55050e-01
1.0158000e-04,1.64800e-01
1.0163000e-04,1.74250e-01
1.0168000e-04,1.83160e-01
1.0173000e-04,1.91020e-01
1.0178000e-04,1.99090e-01
1.0183000e-04,2.06730e-01
1.0188000e-04,2.14500e-01
1.0193000e-04,2.19370e-01
1.0198000e-04,2.23030e-01
1.0203000e-04,2.27720e-01
1.0208000e-04,2.34680e-01
1.0213000e-04,2.34680e-01
1.0218000e-04,2.32600e-01
1.0223000e-04,2.32600e-01
1.0228000e-04,2.31860e-01
1.0233000e-04,2.26590e-01
1.0238000e-04,2.26590e-01
1.0243000e-04,2.23330e-01
1.0248000e-04,2.17230e-01
1.0253000e-04,2.04610e-01
1.0258000e-04,1.98380e-01
1.0263000e-04,1.92810e-01
1.0268000e-04,1.81050e-01
1.0273000e-04,1.75080e-01
1.0278000e-04,1.63920e-01
1.0283000e-04,1.56600e-01
1.0288000e-04,1.45600e-01
1.0293000e-04,1.35940e-01
1.0298000e-04,1.25110e-01
1.0303000e-04,1.15520e-01
1.0308000e-04,1.04400e-01
1.0313000e-04,9.54400e-02
1.0318000e-04,8.63590e-02
1.0323000e-04,7.78150e-02
1.0328000e-04,6.88940e-02
1.0333000e-04,6.03230e-02
1.0338000e-04,5.31380e-02
1.0343000e-04,4.65610e-02
1.0348000e-04,4.10350e-02
1.0353000e-04,3.30910e-02
1.0358000e-04,2.73250e-02
1.0363000e-04,2.38440e-02
1.0368000e-04,2.01380e-02
1.0373000e-04,1.33260e-02
1.0378000e-04,1.24400e-02
1.0383000e-04,1.09860e-02
1.0388000e-04,1.01930e-02
1.0393000e-04,1.01930e-02
1.0398000e-04,1.23190e-02
1.0403000e-04,1.32020e-02
1.0408000e-04,1.49280e-02
1.0413000e-04,1.82980e-02
1.0418000e-04,2.12130e-02
1.0423000e-04,2.51100e-02
1.0428000e-04,2.80240e-02
1.0433000e-04,3.39720e-02
1.0438000e-04,4.03990e-02
1.0443000e-04,4.62010e-02
1.0448000e-04,5.12590e-02
1.0453000e-04,5.74620e-02
1.0458000e-04,6.21610e-02
1.0463000e-04,6.93620e-02
1.0468000e-04,7.56810e-02
1.0473000e-04,8.41810e-02
1.0478000e-04,8.89850e-02
1.0483000e-04,9.65900e-02
1.0488000e-04,1.02770e-01
1.0493000e-04,1.17220e-01
1.0498000e-04,1.22440e-01
1.0503000e-04,1.27880e-01
1.0508000e-04,1.34300e-01
1.0513000e-04,1.41010e-01
1.0518000e-04,1.46720e-01
1.0523000e-04,1.52020e-01
1.0528000e-04,1.54740e-01
1.0533000e-04,1.61440e-01
1.0538000e-04,1.64560e-01
1.0543000e-04,1.68460e-01
1.0548000e-04,1.68460e-01
1.0553000e-04,1.72750e-01
1.0558000e-04,1.74930e-01
1.0563000e-04,1.74930e-01
1.0568000e-04,1.75000e-01
1.0573000e-04,1.75000e-01
1.0578000e-04,1.72320e-01
1.0583000e-04,1.72010e-01
1.0588000e-04,1.71210e-01
1.0593000e-04,1.70260e-01
1.0598000e-04,1.65440e-01
1.0603000e-04,1.64530e-01
1.0608000e-04,1.61070e-01
1.0613000e-04,1.53600e-01
1.0618000e-04,1.48770e-01
1.0623000e-04,1.44420e-01
1.0628000e-04,1.38850e-01
1.0633000e-04,1.33540e-01
1.0638000e-04,1.29200e-01
1.0643000e-04,1.25600e-01
1.0648000e-04,1.19530e-01
1.0653000e-04,1.14170e-01
1.0658000e-04,1.07630e-01
1.0663000e-04,1.08860e-01
1.0668000e-04,1.01590e-01
1.0673000e-04,9.65880e-02
1.0678000e-04,9.27910e-02
1.0683000e-04,9.14820e-02
1.0688000e-04,8.68340e-02
1.0693000e-04,8.56320e-02
1.0698000e-04,8.21580e-02
1.0703000e-04,8.43390e-02
1.0708000e-04,8.36780e-02
1.0713000e-04,8.36780e-02
1.0718000e-04,8.30730e-02
1.0723000e-04,8.73330e-02
1.0728000e-04,8.91010e-02
1.0733000e-04,9.50880e-02
1.0738000e-04,9.91810e-02
1.0743000e-04,1.03480e-01
1.0748000e-04,1.10450e-01
1.0753000e-04,1.14790e-01
1.0758000e-04,1.21120e-01
1.0763000e-04,1.27340e-01
1.0768000e-04,1.35930e-01
1.0773000e-04,1.43630e-01
1.0778000e-04,1.51080e-01
1.0783000e-04,1.58590e-01
1.0788000e-04,1.65330e-01
1.0793000e-04,1.75150e-01
1.0798000e-04,1.80130e-01
1.0803000e-04,1.89390e-01
1.0808000e-04,1.96230e-01
1.0813000e-04,2.02960e-01
1.0818000e-04,2.08670e-01
1.0823000e-04,2.14100e-01
1.0828000e-04,2.21220e-01
1.0833000e-04,2.25660e-01
1.0838000e-04,2.30700e-01
1.0843000e-04,2.31420e-01
1.0848000e-04,2.36780e-01
1.0853000e-04,2.36780e-01
1.0858000e-04,2.35230e-01
1.0863000e-04,2.35230e-01
1.0868000e-04,2.33050e-01
1.0873000e-04,2.29320e-01
1.0878000e-04,2.25980e-01
1.0883000e-04,2.20580e-01
1.0888000e-04,2.14410e-01
1.0893000e-04,2.08280e-01
1.0898000e-04,1.98430e-01
1.0903000e-04,1.89220e-01
1.0908000e-04,1.77810e-01
1.0913000e-04,1.67130e-01
1.0918000e-04,1.56350e-01
1.0923000e-04,1.41980e-01
1.0928000e-04,1.24840e-01
1.0933000e-04,1.12270e-01
1.0938000e-04,9.60330e-02
1.0943000e-04,8.09400e-02
1.0948000e-04,6.33930e-02
1.0953000e-04,4.82960e-02
1.0958000e-04,3.19800e-02
1.0963000e-04,1.28890e-02
1.0968000e-04,-3.16370e-03
1.0973000e-04,-3.48850e-02
1.0978000e-04,-5.37860e-02
1.0983000e-04,-6.77600e-02
1.0988000e-04,-8.32710e-02
1.0993000e-04,-9.74080e-02
1.0998000e-04,-1.11490e-01
1.1003000e-04,-1.24480e-01
1.1008000e-04,-1.35760e-01
1.1013000e-04,-1.46150e-01
1.1018000e-04,-1.57490e-01
1.1023000e-04,-1.66560e-01
1.1028000e-04,-1.72340e-01
1.1033000e-04,-1.77430e-01
1.1038000e-04,-1.83580e-01
1.1043000e-04,-1.85080e-01
1.1048000e-04,-1.89770e-01
1.1053000e-04,-1.88750e-01
1.1058000e-04,-1.89040e-01
1.1063000e-04,-1.85920e-01
1.1068000e-04,-1.84360e-01
1.1073000e-04,-1.81310e-01
1.1078000e-04,-1.75750e-01
1.1083000e-04,-1.66800e-01
1.1088000e-04,-1.58030e-01
1.1093000e-04,-1.41490e-01
1.1098000e-04,-1.32400e-01
1.1103000e-04,-1.20860e-01
1.1108000e-04,-1.08870e-01
1.1113000e-04,-9.65880e-02
1.1118000e-04,-8.56460e-02
1.1123000e-04,-7.16070e-02
1.1128000e-04,-6.02120e-02
1.1133000e-04,-4.63450e-02
1.1138000e-04,-3.39140e-02
1.1143000e-04,-2.08310e-02
1.1148000e-04,-9.10400e-03
1.1153000e-04,2.90480e-03
1.1158000e-04,1.34260e-02
1.1163000e-04,2.47490e-02
1.1168000e-04,3.50870e-02
1.1173000e-04,4.44530e-02
1.1178000e-04,5.27610e-02
1.1183000e-04,6.14960e-02
1.1188000e-04,6.86730e-02
1.1193000e-04,7.61430e-02
1.1198000e-04,7.99960e-02
1.1203000e-04,8.49480e-02
1.1208000e-04,8.74380e-02
1.1213000e-04,9.21230e-02
1.1218000e-04,9.23760e-02
1.1223000e-04,9.19810e-02
1.1228000e-04,9.12300e-02
1.1233000e-04,9.03300e-02
1.1238000e-04,8.72690e-02
1.1243000e-04,8.40890e-02
1.1248000e-04,8.08890e-02
1.1253000e-04,7.61040e-02
1.1258000e-04,7.11180e-02
1.1263000e-04,6.51640e-02
1.1268000e-04,5.99370e-02
1.1273000e-04,5.36970e-02
1.1278000e-04,4.69460e-02
1.1283000e-04,3.95620e-02
1.1288000e-04,3.08570e-02
1.1293000e-04,2.40550e-02
1.1298000e-04,1.55180e-02
1.1303000e-04,9.03220e-03
1.1308000e-04,-4.53820e-04
1.1313000e-04,-8.95190e-03
1.1318000e-04,-1.63680e-02
1.1323000e-04,-2.45060e-02
1.1328000e-04,-3.31180e-02
1.1333000e-04,-4.85020e-02
1.1338000e-04,-5.55020e-02
1.1343000e-04,-6.35300e-02
1.1348000e-04,-7.09340e-02
1.1353000e-04,-7.69750e-02
1.1358000e-04,-8.30880e-02
1.1363000e-04,-8.95500e-02
1.1368000e-04,-9.57470e-02
1.1373000e-04,-1.02120e-01
1.1378000e-04,-1.06190e-01
1.1383000e-04,-1.10470e-01
1.1388000e-04,-1.15550e-01
1.1393000e-04,-1.20550e-01
1.1398000e-04,-1.24410e-01
1.1403000e-04,-1.30570e-01
1.1408000e-04,-1.30570e-01
1.1413000e-04,-1.33340e-01
1.1418000e-04,-1.36970e-01
1.1423000e-04,-1.39120e-01
1.1428000e-04,-1.39120e-01
1.1433000e-04,-1.42740e-01
1.1438000e-04,-1.42740e-01
1.1443000e-04,-1.42740e-01
1.1448000e-04,-1.42740e-01
1.1453000e-04,-1.44750e-01
1.1458000e-04,-1.44750e-01
1.1463000e-04,-1.44750e-01
1.1468000e-04,-1.46970e-01
1.1473000e-04,-1.44930e-01
1.1478000e-04,-1.42580e-01
1.1483000e-04,-1.42580e-01
1.1488000e-04,-1.41280e-01
1.1493000e-04,-1.41280e-01
1.1498000e-04,-1.39960e-01
1.1503000e-04,-1.38470e-01
1.1508000e-04,-1.38470e-01
1.1513000e-04,-1.36360e-01
1.1518000e-04,-1.34170e-01
1.1523000e-04,-1.34170e-01
1.1528000e-04,-1.34170e-01
1.1533000e-04,-1.29390e-01
1.1538000e-04,-1.29390e-01
1.1543000e-04,-1.29390e-01
1.1548000e-04,-1.27450e-01
1.1553000e-04,-1.23890e-01
1.1558000e-04,-1.23840e-01
1.1563000e-04,-1.23840e-01
1.1568000e-04,-1.19420e-01
1.1573000e-04,-1.19420e-01
1.1578000e-04,-1.14350e-01
1.1583000e-04,-1.14350e-01
1.1588000e-04,-1.09600e-01
1.1593000e-04,-1.09600e-01
1.1598000e-04,-1.08410e-01
1.1603000e-04,-1.06490e-01
1.1608000e-04,-1.06490e-01
1.1613000e-04,-1.02490e-01
1.1618000e-04,-1.00750e-01
1.1623000e-04,-9.79350e-02
1.1628000e-04,-9.45750e-02
1.1633000e-04,-9.30990e-02
1.1638000e-04,-8.95420e-02
1.1643000e-04,-8.87080e-02
1.1648000e-04,-8.54630e-02
1.1653000e-04,-8.21270e-02
1.1658000e-04,-7.95880e-02
1.1663000e-04,-7.85650e-02
1.1668000e-04,-7.49030e-02
1.1673000e-04,-7.40770e-02
1.1678000e-04,-6.99410e-02
1.1683000e-04,-6.68990e-02
1.1688000e-04,-6.46030e-02
1.1693000e-04,-6.20110e-02
1.1698000e-04,-6.06630e-02
1.1703000e-04,-5.79280e-02
1.1708000e-04,-5.71100e-02
1.1713000e-04,-5.55840e-02
1.1718000e-04,-5.40670e-02
1.1723000e-04,-5.44770e-02
1.1728000e-04,-5.34750e-02
1.1733000e-04,-5.15780e-02
1.1738000e-04,-5.23970e-02
1.1743000e-04,-5.42480e-02
1.1748000e-04,-5.51870e-02
1.1753000e-04,-5.46330e-02
1.1758000e-04,-5.49730e-02
1.1763000e-04,-5.74780e-02
1.1768000e-04,-5.94240e-02
1.1773000e-04,-6.06600e-02
1.1778000e-04,-6.14950e-02
1.1783000e-04,-6.40420e-02
1.1788000e-04,-6.61530e-02
1.1793000e-04,-6.98390e-02
1.1798000e-04,-7.35990e-02
1.1803000e-04,-7.65020e-02
1.1808000e-04,-7.95880e-02
1.1813000e-04,-8.59950e-02
1.1818000e-04,-9.07960e-02
1.1823000e-04,-9.48170e-02
1.1828000e-04,-9.76620e-02
1.1833000e-04,-1.01910e-01
1.1838000e-04,-1.07620e-01
1.1843000e-04,-1.10840e-01
1.1848000e-04,-1.15960e-01
1.1853000e-04,-1.20250e-01
1.1858000e-04,-1.23540e-01
1.1863000e-04,-1.28580e-01
1.1868000e-04,-1.32960e-01
1.1873000e-04,-1.38690e-01
1.1878000e-04,-1.43630e-01
1.1883000e-04,-1.45810e-01
1.1888000e-04,-1.51350e-01
1.1893000e-04,-1.58150e-01
1.1898000e-04,-1.59610e-01
1.1903000e-04,-1.62760e-01
1.1908000e-04,-1.68070e-01
1.1913000e-04,-1.70910e-01
1.1918000e-04,-1.73520e-01
1.1923000e-04,-1.76810e-01
1.1928000e-04,-1.80910e-01
1.1933000e-04,-1.85650e-01
1.1938000e-04,-1.90160e-01
1.1943000e-04,-1.92800e-01
1.1948000e-04,-1.96100e-01
1.1953000e-04,-1.94540e-01
1.1958000e-04,-1.94540e-01
1.1963000e-04,-1.96540e-01
1.1968000e-04,-2.00290e-01
1.1973000e-04,-1.97790e-01
1.1978000e-04,-2.00760e-01
1.1983000e-04,-1.99150e-01
1.1988000e-04,-1.98890e-01
1.1993000e-04,-1.97000e-01
1.1998000e-04,-1.96980e-01
1.2003000e-04,-1.94120e-01
1.2008000e-04,-1.93150e-01
1.2013000e-04,-1.88570e-01
1.2018000e-04,-1.85850e-01
1.2023000e-04,-1.80740e-01
1.2028000e-04,-1.79170e-01
1.2033000e-04,-1.74090e-01
1.2038000e-04,-1.69140e-01
1.2043000e-04,-1.63470e-01
1.2048000e-04,-1.58550e-01
1.2053000e-04,-1.46490e-01
1.2058000e-04,-1.39660e-01
1.2063000e-04,-1.32590e-01
1.2068000e-04,-1.27150e-01
1.2073000e-04,-1.21190e-01
1.2078000e-04,-1.12310e-01
1.2083000e-04,-1.06510e-01
1.2088000e-04,-9.99680e-02
1.2093000e-04,-9.46330e-02
1.2098000e-04,-8.69580e-02
1.2103000e-04,-8.03850e-02
1.2108000e-04,-7.41800e-02
1.2113000e-04,-6.92630e-02
1.2118000e-04,-6.49120e-02
1.2123000e-04,-5.94500e-02
1.2128000e-04,-5.50240e-02
1.2133000e-04,-5.15920e-02
1.2138000e-04,-4.87190e-02
1.2143000e-04,-4.67770e-02
1.2148000e-04,-4.53790e-02
1.2153000e-04,-4.38950e-02
1.2158000e-04,-4.25290e-02
1.2163000e-04,-4.41840e-02
1.2168000e-04,-4.62920e-02
1.2173000e-04,-4.84190e-02
1.2178000e-04,-5.31690e-02
1.2183000e-04,-5.55440e-02
1.2188000e-04,-6.20020e-02
1.2193000e-04,-6.70100e-02
1.2198000e-04,-7.29050e-02
1.2203000e-04,-7.84320e-02
1.2208000e-04,-8.67640e-02
1.2213000e-04,-9.28270e-02
1.2218000e-04,-1.03860e-01
1.2223000e-04,-1.11770e-01
1.2228000e-04,-1.20650e-01
1.2233000e-04,-1.28310e-01
1.2238000e-04,-1.37810e-01
1.2243000e-04,-1.48210e-01
1.2248000e-04,-1.58540e-01
1.2253000e-04,-1.67010e-01
1.2258000e-04,-1.77440e-01
1.2263000e-04,-1.85470e-01
1.2268000e-04,-1.97600e-01
1.2273000e-04,-2.04170e-01
1.2278000e-04,-2.15090e-01
1.2283000e-04,-2.23910e-01
1.2288000e-04,-2.38870e-01
1.2293000e-04,-2.47900e-01
1.2298000e-04,-2.52850e-01
1.2303000e-04,-2.61120e-01
1.2308000e-04,-2.65220e-01
1.2313000e-04,-2.71220e-01
1.2318000e-04,-2.75380e-01
1.2323000e-04,-2.80410e-01
1.2328000e-04,-2.83310e-01
1.2333000e-04,-2.87450e-01
1.2338000e-04,-2.89720e-01
1.2343000e-04,-2.91890e-01
1.2348000e-04,-2.94880e-01
1.2353000e-04,-2.97050e-01
1.2358000e-04,-2.96580e-01
1.2363000e-04,-2.97770e-01
1.2368000e-04,-2.96630e-01
1.2373000e-04,-2.99360e-01
1.2378000e-04,-2.97670e-01
1.2383000e-04,-3.00140e-01
1.2388000e-04,-2.96220e-01
1.2393000e-04,-2.98240e-01
1.2398000e-04,-2.96620e-01
1.2403000e-04,-2.98470e-01
1.2408000e-04,-2.95120e-01
1.2413000e-04,-2.96500e-01
1.2418000e-04,-2.98680e-01
1.2423000e-04,-2.96070e-01
1.2428000e-04,-2.98590e-01
1.2433000e-04,-2.95820e-01
1.2438000e-04,-2.99830e-01
1.2443000e-04,-3.00340e-01
1.2448000e-04,-3.03580e-01
1.2453000e-04,-3.03740e-01
1.2458000e-04,-3.08020e-01
1.2463000e-04,-3.08270e-01
1.2468000e-04,-3.13110e-01
1.2473000e-04,-3.14750e-01
1.2478000e-04,-3.18440e-01
1.2483000e-04,-3.20330e-01
1.2488000e-04,-3.23820e-01
1.2493000e-04,-3.25340e-01
1.2498000e-04,-3.30860e-01
1.2503000e-04,-3.33010e-01
1.2508000e-04,-3.37040e-01
1.2513000e-04,-3.41830e-01
1.2518000e-04,-3.41830e-01
1.2523000e-04,-3.42040e-01
1.2528000e-04,-3.46430e-01
1.2533000e-04,-3.46430e-01
1.2538000e-04,-3.49650e-01
1.2543000e-04,-3.49650e-01
1.2548000e-04,-3.49650e-01
1.2553000e-04,-3.48310e-01
1.2558000e-04,-3.44450e-01
1.2563000e-04,-3.42280e-01
1.2568000e-04,-3.40250e-01
1.2573000e-04,-3.37350e-01
1.2578000e-04,-3.31640e-01
1.2583000e-04,-3.28170e-01
1.2588000e-04,-3.19970e-01
1.2593000e-04,-3.14260e-01
1.2598000e-04,-3.05900e-01
1.2603000e-04,-3.00000e-01
1.2608000e-04,-2.91510e-01
1.2613000e-04,-2.83640e-01
1.2618000e-04,-2.72360e-01
1.2623000e-04,-2.63350e-01
1.2628000e-04,-2.51770e-01
1.2633000e-04,-2.41000e-01
1.2638000e-04,-2.28130e-01
1.2643000e-04,-2.17270e-01
1.2648000e-04,-2.04730e-01
1.2653000e-04,-1.79640e-01
1.2658000e-04,-1.68030e-01
1.2663000e-04,-1.54480e-01
1.2668000e-04,-1.42680e-01
1.2673000e-04,-1.28900e-01
1.2678000e-04,-1.18380e-01
1.2683000e-04,-1.04320e-01
1.2688000e-04,-9.49350e-02
1.2693000e-04,-8.19350e-02
1.2698000e-04,-7.17800e-02
1.2703000e-04,-6.12600e-02
1.2708000e-04,-5.27210e-02
1.2713000e-04,-4.20070e-02
1.2718000e-04,-3.46110e-02
1.2723000e-04,-2.51110e-02
1.2728000e-04,-1.82660e-02
1.2733000e-04,-1.12630e-02
1.2738000e-04,-8.40860e-03
1.2743000e-04,-1.24020e-03
1.2748000e-04,2.24570e-03
1.2753000e-04,5.73160e-03
1.2758000e-04,4.70500e-03
1.2763000e-04,7.40550e-03
1.2768000e-04,7.96700e-03
1.2773000e-04,6.19260e-03
1.2778000e-04,3.43860e-03
1.2783000e-04,5.07790e-04
1.2788000e-04,-2.07830e-03
1.2793000e-04,-6.57680e-03
1.2798000e-04,-1.09580e-02
1.2803000e-04,-1.65530e-02
1.2808000e-04,-2.15610e-02
1.2813000e-04,-2.81090e-02
1.2818000e-04,-3.48750e-02
1.2823000e-04,-4.07810e-02
1.2828000e-04,-4.93100e-02
1.2833000e-04,-5.89700e-02
1.2838000e-04,-6.69150e-02
1.2843000e-04,-7.21740e-02
1.2848000e-04,-8.07650e-02
1.2853000e-04,-8.96710e-02
1.2858000e-04,-9.72350e-02
1.2863000e-04,-1.06220e-01
1.2868000e-04,-1.10630e-01
1.2873000e-04,-1.19350e-01
1.2878000e-04,-1.25660e-01
1.2883000e-04,-1.32300e-01
1.2888000e-04,-1.38190e-01
1.2893000e-04,-1.49490e-01
1.2898000e-04,-1.54490e-01
1.2903000e-04,-1.59870e-01
1.2908000e-04,-1.65400e-01
1.2913000e-04,-1.68440e-01
1.2918000e-04,-1.72000e-01
1.2923000e-04,-1.73390e-01
1.2928000e-04,-1.77660e-01
1.2933000e-04,-1.78240e-01
1.2938000e-04,-1.78690e-01
1.2943000e-04,-1.79390e-01
1.2948000e-04,-1.81450e-01
1.2953000e-04,-1.79640e-01
1.2958000e-04,-1.79640e-01
1.2963000e-04,-1.76470e-01
1.2968000e-04,-1.75160e-01
1.2973000e-04,-1.72900e-01
1.2978000e-04,-1.70130e-01
1.2983000e-04,-1.67670e-01
1.2988000e-04,-1.63130e-01
1.2993000e-04,-1.56670e-01
1.2998000e-04,-1.53320e-01
1.3003000e-04,-1.48570e-01
1.3008000e-04,-1.44500e-01
1.3013000e-04,-1.33570e-01
1.3018000e-04,-1.28870e-01
1.3023000e-04,-1.23960e-01
1.3028000e-04,-1.17690e-01
1.3033000e-04,-1.13930e-01
1.3038000e-04,-1.08230e-01
1.3043000e-04,-1.03380e-01
1.3048000e-04,-9.81420e-02
1.3053000e-04,-9.40220e-02
1.3058000e-04,-9.00780e-02
1.3063000e-04,-8.38580e-02
1.3068000e-04,-8.38580e-02
1.3073000e-04,-8.06760e-02
1.3078000e-04,-7.96420e-02
1.3083000e-04,-7.57420e-02
1.3088000e-04,-7.58220e-02
1.3093000e-04,-7.58220e-02
1.3098000e-04,-7.70060e-02
1.3103000e-04,-7.69330e-02
1.3108000e-04,-7.70480e-02
1.3113000e-04,-7.89010e-02
1.3118000e-04,-8.23960e-02
1.3123000e-04,-8.58770e-02
1.3128000e-04,-9.50830e-02
1.3133000e-04,-9.97690e-02
1.3138000e-04,-1.06040e-01
1.3143000e-04,-1.09760e-01
1.3148000e-04,-1.18580e-01
1.3153000e-04,-1.25430e-01
1.3158000e-04,-1.33270e-01
1.3163000e-04,-1.42210e-01
1.3168000e-04,-1.51870e-01
1.3173000e-04,-1.58610e-01
1.3178000e-04,-1.67630e-01
1.3183000e-04,-1.77450e-01
1.3188000e-04,-1.86240e-01
1.3193000e-04,-1.93600e-01
1.3198000e-04,-2.04550e-01
1.3203000e-04,-2.11100e-01
1.3208000e-04,-2.22180e-01
1.3213000e-04,-2.29030e-01
1.3218000e-04,-2.37110e-01
1.3223000e-04,-2.44690e-01
1.3228000e-04,-2.53240e-01
1.3233000e-04,-2.59550e-01
1.3238000e-04,-2.68500e-01
1.3243000e-04,-2.70470e-01
1.3248000e-04,-2.81850e-01
1.3253000e-04,-2.87560e-01
1.3258000e-04,-2.88040e-01
1.3263000e-04,-2.91250e-01
1.3268000e-04,-2.90500e-01
1.3273000e-04,-2.94400e-01
1.3278000e-04,-2.94400e-01
1.3283000e-04,-2.94370e-01
1.3288000e-04,-2.90990e-01
1.3293000e-04,-2.89360e-01
1.3298000e-04,-2.83400e-01
1.3303000e-04,-2.82410e-01
1.3308000e-04,-2.76580e-01
1.3313000e-04,-2.72430e-01
1.3318000e-04,-2.64500e-01
1.3323000e-04,-2.58160e-01
1.3328000e-04,-2.50570e-01
1.3333000e-04,-2.41860e-01
1.3338000e-04,-2.34140e-01
1.3343000e-04,-2.26770e-01
1.3348000e-04,-2.16830e-01
1.3353000e-04,-2.07340e-01
1.3358000e-04,-1.98060e-01
1.3363000e-04,-1.88410e-01
1.3368000e-04,-1.70060e-01
1.3373000e-04,-1.58670e-01
1.3378000e-04,-1.49620e-01
1.3383000e-04,-1.39490e-01
1.3388000e-04,-1.30890e-01
1.3393000e-04,-1.19940e-01
1.3398000e-04,-1.13500e-01
1.3403000e-04,-1.04250e-01
1.3408000e-04,-9.78300e-02
1.3413000e-04,-8.86220e-02
1.3418000e-04,-8.26420e-02
1.3423000e-04,-7.42090e-02
1.3428000e-04,-6.96660e-02
1.3433000e-04,-6.37880e-02
1.3438000e-04,-5.95150e-02
1.3443000e-04,-5.43300e-02
1.3448000e-04,-5.09900e-02
1.3453000e-04,-4.96950e-02
1.3458000e-04,-4.61250e-02
1.3463000e-04,-4.39470e-02
1.3468000e-04,-4.29390e-02
1.3473000e-04,-4.29190e-02
1.3478000e-04,-4.24190e-02
1.3483000e-04,-4.38430e-02
1.3488000e-04,-4.68910e-02
1.3493000e-04,-5.03560e-02
1.3498000e-04,-5.14860e-02
1.3503000e-04,-5.40170e-02
1.3508000e-04,-5.84480e-02
1.3513000e-04,-6.09290e-02
1.3518000e-04,-6.62060e-02
1.3523000e-04,-7.05860e-02
1.3528000e-04,-7.41790e-02
1.3533000e-04,-7.87450e-02
1.3538000e-04,-8.45260e-02
1.3543000e-04,-8.66490e-02
1.3548000e-04,-9.32290e-02
1.3553000e-04,-9.86590e-02
1.3558000e-04,-1.01380e-01
1.3563000e-04,-1.05000e-01
1.3568000e-04,-1.08210e-01
1.3573000e-04,-1.12500e-01
1.3578000e-04,-1.14730e-01
1.3583000e-04,-1.18800e-01
1.3588000e-04,-1.20180e-01
1.3593000e-04,-1.21770e-01
1.3598000e-04,-1.24690e-01
1.3603000e-04,-1.24690e-01
1.3608000e-04,-1.23200e-01
1.3613000e-04,-1.23200e-01
1.3618000e-04,-1.23200e-01
1.3623000e-04,-1.18870e-01
1.3628000e-04,-1.18870e-01
1.3633000e-04,-1.14740e-01
1.3638000e-04,-1.13450e-01
1.3643000e-04,-1.08780e-01
1.3648000e-04,-1.06840e-01
1.3653000e-04,-1.00700e-01
1.3658000e-04,-9.83490e-02
1.3663000e-04,-9.09600e-02
1.3668000e-04,-8.78150e-02
1.3673000e-04,-8.17030e-02
1.3678000e-04,-7.77000e-02
1.3683000e-04,-7.21660e-02
1.3688000e-04,-6.71120e-02
1.3693000e-04,-6.14630e-02
1.3698000e-04,-5.45380e-02
1.3703000e-04,-5.10820e-02
1.3708000e-04,-4.51810e-02
1.3713000e-04,-4.05950e-02
1.3718000e-04,-3.73240e-02
1.3723000e-04,-3.19840e-02
1.3728000e-04,-2.25120e-02
1.3733000e-04,-2.08920e-02
1.3738000e-04,-1.65610e-02
1.3743000e-04,-1.36220e-02
1.3748000e-04,-1.05250e-02
1.3753000e-04,-9.99310e-03
1.3758000e-04,-9.99310e-03
1.3763000e-04,-5.53320e-03
1.3768000e-04,-5.53320e-03
1.3773000e-04,-8.61620e-03
1.3778000e-04,-8.49820e-03
1.3783000e-04,-7.26330e-03
1.3788000e-04,-1.05260e-02
1.3793000e-04,-1.30990e-02
1.3798000e-04,-1.50750e-02
1.3803000e-04,-1.71100e-02
1.3808000e-04,-2.17760e-02
1.3813000e-04,-2.52030e-02
1.3818000e-04,-2.96990e-02
1.3823000e-04,-3.32530e-02
1.3828000e-04,-3.80780e-02
1.3833000e-04,-4.41620e-02
1.3838000e-04,-4.85700e-02
1.3843000e-04,-5.37270e-02
1.3848000e-04,-6.70290e-02
1.3853000e-04,-7.36840e-02
1.3858000e-04,-8.00790e-02
1.3863000e-04,-8.56890e-02
1.3868000e-04,-9.25990e-02
1.3873000e-04,-9.83080e-02
1.3878000e-04,-1.06040e-01
1.3883000e-04,-1.10680e-01
1.3888000e-04,-1.17430e-01
1.3893000e-04,-1.21680e-01
1.3898000e-04,-1.27860e-01
1.3903000e-04,-1.33350e-01
1.3908000e-04,-1.37560e-01
1.3913000e-04,-1.40570e-01
1.3918000e-04,-1.46660e-01
1.3923000e-04,-1.48460e-01
1.3928000e-04,-1.51340e-01
1.3933000e-04,-1.54040e-01
1.3938000e-04,-1.54700e-01
1.3943000e-04,-1.56590e-01
1.3948000e-04,-1.56590e-01
1.3953000e-04,-1.56590e-01
1.3958000e-04,-1.54100e-01
1.3963000e-04,-1.54100e-01
1.3968000e-04,-1.46010e-01
1.3973000e-04,-1.43830e-01
1.3978000e-04,-1.39560e-01
1.3983000e-04,-1.36180e-01
1.3988000e-04,-1.29810e-01
1.3993000e-04,-1.24060e-01
1.3998000e-04,-1.16220e-01
1.4003000e-04,-1.08700e-01
1.4008000e-04,-1.01860e-01
1.4013000e-04,-9.35230e-02
1.4018000e-04,-8.53200e-02
1.4023000e-04,-7.54420e-02
1.4028000e-04,-6.67450e-02
1.4033000e-04,-5.76230e-02
1.4038000e-04,-4.81710e-02
1.4043000e-04,-3.69060e-02
1.4048000e-04,-2.52660e-02
1.4053000e-04,-1.62460e-02
1.4058000e-04,-6.97770e-03
1.4063000e-04,3.17120e-03
1.4068000e-04,1.38690e-02
1.4073000e-04,2.29540e-02
1.4078000e-04,3.32410e-02
1.4083000e-04,4.26970e-02
1.4088000e-04,4.97380e-02
1.4093000e-04,6.79210e-02
1.4098000e-04,7.69710e-02
1.4103000e-04,8.30640e-02
1.4108000e-04,9.14130e-02
1.4113000e-04,9.72860e-02
1.4118000e-04,1.04280e-01
1.4123000e-04,1.10350e-01
1.4128000e-04,1.17250e-01
1.4133000e-04,1.20500e-01
1.4138000e-04,1.25040e-01
1.4143000e-04,1.29110e-01
1.4148000e-04,1.31770e-01
1.4153000e-04,1.34820e-01
1.4158000e-04,1.36930e-01
1.4163000e-04,1.40100e-01
1.4168000e-04,1.40100e-01
1.4173000e-04,1.39710e-01
1.4178000e-04,1.40230e-01
1.4183000e-04,1.39510e-01
1.4188000e-04,1.37370e-01
1.4193000e-04,1.32080e-01
1.4198000e-04,1.32080e-01
1.4203000e-04,1.28980e-01
1.4208000e-04,1.26040e-01
1.4213000e-04,1.16940e-01
1.4218000e-04,1.11370e-01
1.4223000e-04,1.07770e-01
1.4228000e-04,1.01910e-01
1.4233000e-04,9.73440e-02
1.4238000e-04,9.07380e-02
1.4243000e-04,8.55770e-02
1.4248000e-04,7.96200e-02
1.4253000e-04,7.57120e-02
1.4258000e-04,7.04950e-02
1.4263000e-04,6.47150e-02
1.4268000e-04,5.67200e-02
1.4273000e-04,5.37190e-02
1.4278000e-04,4.94090e-02
1.4283000e-04,4.36810e-02
1.4288000e-04,3.74880e-02
1.4293000e-04,3.36980e-02
1.4298000e-04,3.01040e-02
1.4303000e-04,2.64610e-02
1.4308000e-04,2.28670e-02
1.4313000e-04,1.74310e-02
1.4318000e-04,1.58750e-02
1.4323000e-04,1.35750e-02
1.4328000e-04,1.11000e-02
1.4333000e-04,9.84520e-03
1.4338000e-04,9.84520e-03
1.4343000e-04,7.13670e-03
1.4348000e-04,6.13730e-03
1.4353000e-04,6.13730e-03
1.4358000e-04,7.96270e-03
1.4363000e-04,9.26310e-03
1.4368000e-04,9.42070e-03
1.4373000e-04,9.42070e-03
1.4378000e-04,1.63640e-02
1.4383000e-04,1.75020e-02
1.4388000e-04,1.81720e-02
1.4393000e-04,2.05480e-02
1.4398000e-04,2.42850e-02
1.4403000e-04,2.56270e-02
1.4408000e-04,2.75710e-02
1.4413000e-04,3.06080e-02
1.4418000e-04,3.29170e-02
1.4423000e-04,3.39130e-02
1.4428000e-04,3.59390e-02
1.4433000e-04,3.69410e-02
1.4438000e-04,4.06590e-02
1.4443000e-04,4.06590e-02
1.4448000e-04,4.21450e-02
1.4453000e-04,4.30200e-02
1.4458000e-04,4.33400e-02
1.4463000e-04,4.28360e-02
1.4468000e-04,4.28360e-02
1.4473000e-04,4.14360e-02
1.4478000e-04,3.87390e-02
1.4483000e-04,3.80750e-02
1.4488000e-04,3.54340e-02
1.4493000e-04,3.50580e-02
1.4498000e-04,3.11620e-02
1.4503000e-04,2.85330e-02
1.4508000e-04,2.39260e-02
1.4513000e-04,2.08570e-02
1.4518000e-04,1.65510e-02
1.4523000e-04,1.29210e-02
1.4528000e-04,9.84360e-03
1.4533000e-04,3.24300e-03
1.4538000e-04,-1.18230e-03
1.4543000e-04,-5.84180e-03
1.4548000e-04,-1.04410e-02
1.4553000e-04,-1.52380e-02
1.4558000e-04,-1.83990e-02
1.4563000e-04,-2.50260e-02
1.4568000e-04,-2.77640e-02
1.4573000e-04,-3.82500e-02
1.4578000e-04,-4.18940e-02
1.4583000e-04,-4.62740e-02
1.4588000e-04,-5.05430e-02
1.4593000e-04,-5.30730e-02
1.4598000e-04,-5.54850e-02
1.4603000e-04,-5.77170e-02
1.4608000e-04,-6.07220e-02
1.4613000e-04,-6.23130e-02
1.4618000e-04,-6.33120e-02
1.4623000e-04,-6.43410e-02
1.4628000e-04,-6.55770e-02
1.4633000e-04,-6.29890e-02
1.4638000e-04,-6.09340e-02
1.4643000e-04,-6.09340e-02
1.4648000e-04,-5.94400e-02
1.4653000e-04,-5.60640e-02
1.4658000e-04,-5.36130e-02
1.4663000e-04,-4.96260e-02
1.4668000e-04,-4.68880e-02
1.4673000e-04,-4.05110e-02
1.4678000e-04,-3.62470e-02
1.4683000e-04,-3.01450e-02
1.4688000e-04,-2.44870e-02
1.4693000e-04,-1.32680e-02
1.4698000e-04,-5.65230e-03
1.4703000e-04,1.77830e-03
1.4708000e-04,9.55630e-03
1.4713000e-04,1.61840e-02
1.4718000e-04,2.44550e-02
1.4723000e-04,3.25730e-02
1.4728000e-04,4.05960e-02
1.4733000e-04,4.95810e-02
1.4738000e-04,5.68040e-02
1.4743000e-04,6.56240e-02
1.4748000e-04,7.22030e-02
1.4753000e-04,8.03550e-02
1.4758000e-04,8.53520e-02
1.4763000e-04,9.49150e-02
1.4768000e-04,9.94380e-02
1.4773000e-04,1.06850e-01
1.4778000e-04,1.12360e-01
1.4783000e-04,1.17980e-01
1.4788000e-04,1.21880e-01
1.4793000e-04,1.27930e-01
1.4798000e-04,1.30290e-01
1.4803000e-04,1.36680e-01
1.4808000e-04,1.40980e-01
1.4813000e-04,1.40980e-01
1.4818000e-04,1.40980e-01
1.4823000e-04,1.45590e-01
1.4828000e-04,1.45590e-01
1.4833000e-04,1.45590e-01
1.4838000e-04,1.45530e-01
1.4843000e-04,1.44160e-01
1.4848000e-04,1.41380e-01
1.4853000e-04,1.41380e-01
1.4858000e-04,1.38020e-01
1.4863000e-04,1.34450e-01
1.4868000e-04,1.31640e-01
1.4873000e-04,1.24440e-01
1.4878000e-04,1.20420e-01
1.4883000e-04,1.17000e-01
1.4888000e-04,1.12340e-01
1.4893000e-04,1.06630e-01
1.4898000e-04,1.02980e-01
1.4903000e-04,9.68770e-02
1.4908000e-04,9.21210e-02
1.4913000e-04,8.70530e-02
1.4918000e-04,8.25480e-02
1.4923000e-04,7.70430e-02
1.4928000e-04,6.70240e-02
1.4933000e-04,6.39990e-02
1.4938000e-04,6.04030e-02
1.4943000e-04,5.75470e-02
1.4948000e-04,5.29510e-02
1.4953000e-04,4.93250e-02
1.4958000e-04,4.59020e-02
1.4963000e-04,4.48070e-02
1.4968000e-04,4.26740e-02
1.4973000e-04,4.20710e-02
1.4978000e-04,3.85280e-02
1.4983000e-04,3.73650e-02
1.4988000e-04,3.77190e-02
1.4993000e-04,3.87080e-02
1.4998000e-04,3.87080e-02
